ID	Temp	Pres	Molec_cm3overcm3
12294	298	2000	21.25125595
12735	298	2000	112.4311421
13258	298	2000	7.038034099
2226	298	2000	32.7654462
2544	298	2000	112.0807668
3219	298	2000	122.6135488
3833	298	2000	111.1593671
4043	298	2000	116.4477111
4488	298	2000	128.8458566
4825	298	2000	5.52595385
5838	298	2000	109.2796763
6311	298	2000	127.8744602
6350	298	2000	118.9405002
6498	298	2000	20.57269804
7386	298	2000	1.257410033
7599	298	2000	122.6711119
7766	298	2000	3.398373179
7903	298	2000	121.5885719
8172	298	2000	3.971802543
959	298	2000	77.7999668
9737	298	2000	7.819153985
9859	298	2000	1.150534749
1105	298	2000	82.52859731
11766	298	2000	5.348181158
11816	298	2000	19.25510311
1214	298	2000	82.13658163
12852	298	2000	66.13428318
2425	298	2000	111.9873935
2786	298	2000	118.566065
3261	298	2000	117.2914635
3427	298	2000	2.840319126
4115	298	2000	72.78572664
4576	298	2000	129.4293144
4885	298	2000	57.99991772
5530	298	2000	119.2474744
5920	298	2000	35.99184211
6108	298	2000	124.636107
6256	298	2000	22.7112141
7093	298	2000	0.433110598
7229	298	2000	3.691762052
8119	298	2000	7.640418217
8988	298	2000	83.23335614
9332	298	2000	48.12159798
9474	298	2000	111.3511479
9621	298	2000	1.181968116
9654	298	2000	32.25308159
1070	298	2000	63.26015099
11078	298	2000	96.64960804
11133	298	2000	11.94090906
11610	298	2000	37.11237755
12830	298	2000	3.164761915
1931	298	2000	10.73194628
2842	298	2000	127.2526064
3656	298	2000	129.0332543
3692	298	2000	94.84679266
4733	298	2000	117.2132533
4972	298	2000	129.0932616
4979	298	2000	105.861453
5194	298	2000	76.49827626
6018	298	2000	115.8684897
646	298	2000	1.073203338
7858	298	2000	1.626547969
8060	298	2000	17.64389594
807	298	2000	5.201217013
842	298	2000	2.849922034
8950	298	2000	21.10179986
9367	298	2000	83.3959559
9619	298	2000	4.312307701
1003	298	2000	84.63199661
11208	298	2000	127.6336563
11265	298	2000	6.481273059
1298	298	2000	7.055356564
2186	298	2000	0.715903901
2414	298	2000	110.0913309
34	298	2000	19.53005057
3648	298	2000	124.5607949
3906	298	2000	98.62794684
4689	298	2000	3.582944081
4773	298	2000	127.4774121
5777	298	2000	97.88160676
6231	298	2000	15.17250771
6919	298	2000	119.3260048
716	298	2000	5.29843068
7985	298	2000	46.20328237
8105	298	2000	0.809578725
8421	298	2000	1.707138772
8424	298	2000	1.5529649
8616	298	2000	22.57197555
886	298	2000	55.91884364
9927	298	2000	18.51275441
9949	298	2000	0.570369228
1011	298	2000	79.56803192
10960	298	2000	7.520672566
11691	298	2000	109.1221397
1248	298	2000	56.52647151
2034	298	2000	130.6227255
2277	298	2000	4.504580652
2670	298	2000	77.94080574
2696	298	2000	122.3012607
3094	298	2000	18.34710267
3622	298	2000	10.59555201
3855	298	2000	10.37126165
3935	298	2000	45.84653612
4022	298	2000	85.07216117
4538	298	2000	121.3324767
5007	298	2000	55.20178015
5564	298	2000	2.567713405
5773	298	2000	75.10787435
6864	298	2000	0.372413127
7161	298	2000	113.1429985
737	298	2000	3.191261658
763	298	2000	0.800231603
8884	298	2000	117.1821344
8966	298	2000	3.159832349
9555	298	2000	24.63265018
10978	298	2000	96.93748314
11178	298	2000	24.04317121
12231	298	2000	0.54702133
12556	298	2000	118.002646
12685	298	2000	2.656808881
12881	298	2000	113.7638466
13311	298	2000	98.23012198
1356	298	2000	55.99606083
1783	298	2000	0.376798427
2677	298	2000	90.36134667
3475	298	2000	17.07188799
3960	298	2000	1.222773241
4401	298	2000	3.389738067
5596	298	2000	6.023506859
5620	298	2000	0.812169731
5825	298	2000	84.84735126
5923	298	2000	100.5299921
7044	298	2000	0.733180314
7188	298	2000	109.0683849
7464	298	2000	1.922148543
7831	298	2000	3.941198982
8056	298	2000	0.87378486
9409	298	2000	33.76958014
9470	298	2000	41.0831847
10941	298	2000	24.62450645
11258	298	2000	122.1808666
1228	298	2000	41.02995169
1231	298	2000	104.9874513
12684	298	2000	1.315089116
13074	298	2000	58.71542254
2110	298	2000	0.794131821
2279	298	2000	0.659702368
2757	298	2000	3.093758315
2858	298	2000	7.11747322
3230	298	2000	126.5619329
3316	298	2000	5.85856135
3867	298	2000	79.95131107
4123	298	2000	101.2024249
4393	298	2000	6.366855963
5649	298	2000	118.8699889
7965	298	2000	113.8115267
8158	298	2000	92.56105976
835	298	2000	8.408866239
8860	298	2000	10.73077286
9298	298	2000	78.53318316
9329	298	2000	69.34088798
10062	298	2000	5.749979117
10355	298	2000	10.96450965
10965	298	2000	3.963330754
11486	298	2000	3.893727491
11510	298	2000	117.8304427
11827	298	2000	1.339198767
12324	298	2000	7.476228084
12849	298	2000	47.35843671
13094	298	2000	31.89562696
13345	298	2000	0.98126476
1935	298	2000	7.361514411
2758	298	2000	15.54025988
3182	298	2000	127.992349
3719	298	2000	4.873789443
4141	298	2000	116.9361087
4304	298	2000	106.6119669
4522	298	2000	115.1757898
4672	298	2000	67.44818569
4842	298	2000	1.153333919
5431	298	2000	0.716549557
6501	298	2000	6.254121454
7222	298	2000	0.69303815
8721	298	2000	113.0178562
9335	298	2000	27.78122872
10227	298	2000	6.947869176
1115	298	2000	30.57377051
11489	298	2000	3.308834566
2354	298	2000	129.7883115
2674	298	2000	65.41604691
2988	298	2000	6.905810839
3444	298	2000	119.25808
4675	298	2000	126.641668
4872	298	2000	22.86610813
5569	298	2000	123.6798621
6069	298	2000	7.959714128
6136	298	2000	2.105162699
6252	298	2000	131.124753
7409	298	2000	15.3920386
7682	298	2000	112.5983852
7699	298	2000	11.58766102
8403	298	2000	4.049520641
8428	298	2000	115.5517663
9270	298	2000	76.35054353
9607	298	2000	107.7448909
9640	298	2000	31.15522886
9923	298	2000	5.334309033
9993	298	2000	0.630175013
10004	298	2000	119.8088658
11160	298	2000	123.9115623
11297	298	2000	1.436493412
11378	298	2000	2.710756619
11539	298	2000	0.823640348
11749	298	2000	40.06225728
12358	298	2000	31.35694136
13180	298	2000	24.07751912
1411	298	2000	85.69247895
2253	298	2000	1.109037182
3013	298	2000	122.5969695
3421	298	2000	0.777577031
4926	298	2000	32.35144572
6055	298	2000	3.847703842
6114	298	2000	130.1602089
6373	298	2000	2.592388423
6452	298	2000	103.0346306
6866	298	2000	0.710555019
7309	298	2000	4.039184913
7362	298	2000	15.6319057
9074	298	2000	115.5292398
9520	298	2000	6.83021609
9580	298	2000	104.9587999
9748	298	2000	19.86071306
1094	298	2000	61.72382065
11214	298	2000	124.8393613
11701	298	2000	38.42813483
1367	298	2000	72.4014206
1824	298	2000	1.350975481
2907	298	2000	109.0009732
3042	298	2000	117.3148954
3498	298	2000	108.158456
3999	298	2000	127.0238267
4002	298	2000	63.69060671
4293	298	2000	65.63336457
4352	298	2000	122.2702976
4996	298	2000	6.443202806
5239	298	2000	0.906090684
5794	298	2000	10.25337715
6024	298	2000	119.1522882
7380	298	2000	128.974093
7945	298	2000	71.75144892
8009	298	2000	22.45950606
8476	298	2000	71.26707477
944	298	2000	1.337724889
9634	298	2000	96.97115183
10064	298	2000	14.26529054
10166	298	2000	8.674865569
10923	298	2000	24.23357908
1140	298	2000	8.270210342
11436	298	2000	121.2670606
12742	298	2000	80.87400208
1289	298	2000	17.25591399
12986	298	2000	61.97919753
13355	298	2000	4.07580007
224	298	2000	114.120368
3337	298	2000	8.345996826
4716	298	2000	68.34276047
4728	298	2000	28.58846158
5428	298	2000	0.81865407
5598	298	2000	24.70121241
6205	298	2000	127.6072996
7070	298	2000	6.89319973
7104	298	2000	0.493877522
7535	298	2000	126.3576351
7697	298	2000	131.3269072
8117	298	2000	25.55422504
8225	298	2000	2.090620764
8394	298	2000	20.09648788
9780	298	2000	15.90023879
10049	298	2000	57.59393995
11209	298	2000	121.9581202
11321	298	2000	70.62953003
1181	298	2000	33.02611051
1195	298	2000	62.9578191
12713	298	2000	55.71226348
13352	298	2000	4.643962842
2146	298	2000	10.27118323
2819	298	2000	86.33328935
3096	298	2000	3.031196809
3318	298	2000	123.0158249
3998	298	2000	124.1597603
4849	298	2000	1.747319985
4934	298	2000	4.399353561
5460	298	2000	33.81408974
6011	298	2000	55.61159036
6989	298	2000	9.640227966
8838	298	2000	76.29363355
9381	298	2000	1.962478233
9795	298	2000	20.2803353
11062	298	2000	45.8092898
1120	298	2000	14.41423309
11706	298	2000	50.50176998
1172	298	2000	63.0331222
11806	298	2000	0.653982305
12262	298	2000	97.8732893
12327	298	2000	0.883977591
13052	298	2000	8.734048237
13369	298	2000	76.19663662
1697	298	2000	127.0721254
1863	298	2000	0.889704484
2527	298	2000	1.37040182
3070	298	2000	123.4592685
4374	298	2000	123.3858762
4532	298	2000	129.8199902
4924	298	2000	26.44402121
5402	298	2000	124.8559139
5519	298	2000	2.595362148
5529	298	2000	1.742680163
5653	298	2000	33.39804402
6161	298	2000	127.8822126
7150	298	2000	80.96678172
7460	298	2000	1.922160398
1107	298	2000	76.02801898
11424	298	2000	10.51503011
11832	298	2000	58.84451477
12589	298	2000	3.683162196
12795	298	2000	19.87318375
1823	298	2000	0.872467638
1869	298	2000	2.998136491
2132	298	2000	2.595220061
2463	298	2000	9.538255249
2790	298	2000	123.4899719
2905	298	2000	5.681223612
3007	298	2000	104.7236054
3147	298	2000	74.50984604
3467	298	2000	24.9192816
3510	298	2000	47.27999348
3567	298	2000	130.2473813
5073	298	2000	1.580804223
6084	298	2000	2.512648684
6957	298	2000	0.386699655
8265	298	2000	33.43129302
8868	298	2000	108.8349403
9710	298	2000	2.644264541
10009	298	2000	13.44871943
11066	298	2000	111.9564058
112	298	2000	108.0215693
11281	298	2000	123.8750006
11332	298	2000	7.323114715
11752	298	2000	51.2753932
12570	298	2000	44.13372688
1727	298	2000	1.157882579
2829	298	2000	121.9397866
3624	298	2000	1.398463869
4049	298	2000	119.9804726
5092	298	2000	2.965718751
5341	298	2000	122.2039567
5650	298	2000	2.259147059
6470	298	2000	32.27383212
668	298	2000	7.001755604
675	298	2000	4.717564395
7408	298	2000	8.770173002
7756	298	2000	3.469953717
8184	298	2000	3.968038052
8257	298	2000	11.40133132
8599	298	2000	108.7299255
8664	298	2000	19.47218887
9873	298	2000	6.603353967
11094	298	2000	1.084849921
12913	298	2000	2.327497732
13119	298	2000	50.53961637
1431	298	2000	53.77316143
1746	298	2000	8.247759597
2779	298	2000	111.8639566
3304	298	2000	122.5209597
3723	298	2000	104.4473436
3769	298	2000	9.074188277
4818	298	2000	19.82546338
5605	298	2000	3.246071093
5666	298	2000	3.649788405
649	298	2000	1.057907406
676	298	2000	2.318574571
6926	298	2000	128.7892383
7087	298	2000	6.693189468
7301	298	2000	128.8205898
8226	298	2000	12.37183979
9058	298	2000	9.636576853
9817	298	2000	120.1986372
995	298	2000	99.60850564
10280	298	2000	6.962421277
11761	298	2000	110.2117087
11815	298	2000	0.732710383
12341	298	2000	1.76510805
12349	298	2000	0.717657043
13035	298	2000	33.12475633
13137	298	2000	40.83895887
1332	298	2000	51.2459957
1459	298	2000	54.51176253
1771	298	2000	0.558379051
2933	298	2000	123.9157901
3209	298	2000	115.2675907
3620	298	2000	7.966682335
3912	298	2000	1.466708818
4911	298	2000	104.8289712
5329	298	2000	125.8910178
6080	298	2000	3.401765482
6123	298	2000	5.196043095
6386	298	2000	1.382476988
7249	298	2000	110.8385454
7890	298	2000	118.4541503
8877	298	2000	105.4379393
9786	298	2000	20.50592336
10222	298	2000	7.44622
12175	298	2000	4.110562863
12794	298	2000	28.76506088
13212	298	2000	1.878595953
1347	298	2000	9.871155239
1460	298	2000	50.36511342
1883	298	2000	24.71416271
2623	298	2000	3.093325059
3003	298	2000	103.4110799
3239	298	2000	101.9071432
3460	298	2000	7.60146176
3517	298	2000	1.849635815
4744	298	2000	110.5050564
4990	298	2000	121.9206694
5273	298	2000	5.257066127
5404	298	2000	124.4502854
5721	298	2000	2.621909543
6471	298	2000	2.829671578
6854	298	2000	12.7692494
7663	298	2000	0.666381896
8047	298	2000	1.220193645
8425	298	2000	1.93299039
8481	298	2000	87.34879165
9838	298	2000	0.609384952
10285	298	2000	1.408487608
11765	298	2000	16.02994435
12731	298	2000	5.62135308
1312	298	2000	55.82124869
1316	298	2000	45.15954273
13350	298	2000	120.2893793
1389	298	2000	38.79042293
2665	298	2000	2.758291215
3364	298	2000	122.4724864
4337	298	2000	118.8196616
4428	298	2000	0.744228479
4813	298	2000	67.26010446
5096	298	2000	0.699044262
5493	298	2000	128.4309104
5588	298	2000	7.910889323
584	298	2000	7.324675682
6885	298	2000	2.647085218
7377	298	2000	2.60447441
7617	298	2000	1.162109863
7695	298	2000	8.898218653
901	298	2000	54.13815994
9436	298	2000	98.324336
9585	298	2000	100.5719942
9986	298	2000	12.77111922
11088	298	2000	4.716021518
11397	298	2000	127.1248585
12301	298	2000	0.655015791
12766	298	2000	9.528783603
12825	298	2000	0.892026969
13477	298	2000	69.13104631
1408	298	2000	76.63714882
1441	298	2000	43.14159124
1718	298	2000	121.2964989
1739	298	2000	126.8060314
1915	298	2000	0.581250825
229	298	2000	125.4189422
4065	298	2000	0.052489519
5664	298	2000	6.396487869
5958	298	2000	93.47650959
6237	298	2000	2.629520951
6527	298	2000	3.010116197
7308	298	2000	6.248343082
7829	298	2000	6.573064191
7969	298	2000	87.89091511
8330	298	2000	0.813499489
9137	298	2000	117.3973306
9648	298	2000	48.28936677
10309	298	2000	9.042414255
11106	298	2000	0.41549492
11189	298	2000	5.187767379
12826	298	2000	9.758877039
13444	298	2000	6.484729238
1751	298	2000	0.709027101
2502	298	2000	118.1788626
4550	298	2000	2.177334323
5159	298	2000	0.875811675
5476	298	2000	0.955552018
5645	298	2000	127.9182161
5737	298	2000	102.3354087
581	298	2000	1.953757717
6210	298	2000	129.7916708
6293	298	2000	1.363178134
6325	298	2000	122.6113162
7025	298	2000	11.56069817
7836	298	2000	2.080881532
8433	298	2000	113.9386446
8994	298	2000	121.9916406
9022	298	2000	120.2683718
9274	298	2000	124.4793303
9599	298	2000	39.2660827
10	298	2000	121.5636332
10935	298	2000	101.39364
11267	298	2000	16.82322996
11375	298	2000	22.20312573
12721	298	2000	1.665118511
12880	298	2000	116.6161516
13257	298	2000	1.040336868
13487	298	2000	72.35481616
1907	298	2000	0.436373556
2063	298	2000	2.872849411
2312	298	2000	4.598992625
2959	298	2000	84.99037627
324	298	2000	51.29539995
4327	298	2000	2.933740848
595	298	2000	1.140670845
6284	298	2000	5.861280999
6949	298	2000	0.331463641
738	298	2000	0.876828955
940	298	2000	14.90183561
9426	298	2000	103.1151599
969	298	2000	81.52567769
9770	298	2000	119.7208711
10274	298	2000	10.83078583
11451	298	2000	97.20911089
1164	298	2000	60.66381924
13267	298	2000	56.33586156
13489	298	2000	102.7920629
135	298	2000	90.04701811
2242	298	2000	1.146079443
2546	298	2000	113.3086931
2600	298	2000	126.1385744
3922	298	2000	110.7193502
4158	298	2000	68.1831403
4311	298	2000	2.228307763
4516	298	2000	3.240056452
5208	298	2000	129.335177
5990	298	2000	48.89413346
7306	298	2000	1.62685832
8208	298	2000	11.29659087
854	298	2000	58.95209896
9153	298	2000	119.8957932
9434	298	2000	1.85147402
9505	298	2000	37.51567558
9586	298	2000	36.29251367
10069	298	2000	4.652750519
11390	298	2000	4.067241604
11441	298	2000	3.988862737
12823	298	2000	9.023034274
1317	298	2000	52.43848882
1796	298	2000	2.605764542
2616	298	2000	22.65592421
3712	298	2000	2.671823316
3961	298	2000	2.676578784
4278	298	2000	3.731526824
4681	298	2000	112.9526874
4887	298	2000	70.94696937
4964	298	2000	127.4166941
5574	298	2000	3.594806757
5942	298	2000	93.63851432
6265	298	2000	2.745432348
7333	298	2000	2.733148851
7368	298	2000	4.146960659
7651	298	2000	10.53518244
8304	298	2000	21.66559253
8349	298	2000	13.45409715
9547	298	2000	37.11233073
9566	298	2000	39.61569117
11113	298	2000	114.8372893
11450	298	2000	119.5834628
1161	298	2000	58.31803314
11820	298	2000	38.36900146
1320	298	2000	55.87759533
13451	298	2000	7.201667677
3110	298	2000	98.24843762
4249	298	2000	15.97797822
4365	298	2000	18.83130635
4369	298	2000	0.79669477
4745	298	2000	110.7856691
4947	298	2000	121.8582276
5054	298	2000	69.06983493
5758	298	2000	70.14924195
5891	298	2000	124.0743118
6129	298	2000	2.080825654
6347	298	2000	121.6219042
6428	298	2000	5.168660368
7459	298	2000	2.756955015
8820	298	2000	49.60540235
8874	298	2000	99.9218649
9558	298	2000	32.36430059
11673	298	2000	5.401342284
12805	298	2000	33.47723476
12833	298	2000	29.21100589
12918	298	2000	117.2335887
13156	298	2000	4.71344733
13314	298	2000	70.25548065
13377	298	2000	47.34768826
1716	298	2000	5.399205471
2043	298	2000	5.297234802
2243	298	2000	1.742437779
2328	298	2000	8.381931947
3153	298	2000	25.73655955
3890	298	2000	27.2105338
4325	298	2000	4.130695126
4770	298	2000	93.05604793
5354	298	2000	5.889446431
6059	298	2000	105.8042751
6103	298	2000	1.022867966
6158	298	2000	126.7247413
7669	298	2000	3.828435715
850	298	2000	15.2317975
871	298	2000	61.80377846
9514	298	2000	34.76252081
11799	298	2000	10.63456638
13190	298	2000	19.99733488
13235	298	2000	40.35519292
2362	298	2000	96.02969097
2634	298	2000	90.27671848
2766	298	2000	96.42994452
2806	298	2000	64.9049294
2871	298	2000	120.9370427
2912	298	2000	108.6618055
3111	298	2000	98.90424756
312	298	2000	114.0941769
4258	298	2000	129.0083115
4308	298	2000	31.04623015
5246	298	2000	117.6426487
599	298	2000	0.99299666
6368	298	2000	128.168316
684	298	2000	5.12249051
7995	298	2000	23.43911624
9141	298	2000	121.4256978
9596	298	2000	104.5760512
9762	298	2000	1.566657921
9782	298	2000	118.4952676
9940	298	2000	1.065524668
10928	298	2000	90.67481175
11244	298	2000	124.2124801
12256	298	2000	119.3479968
12763	298	2000	121.0576639
12781	298	2000	2.863164759
13106	298	2000	35.17170728
1426	298	2000	55.22372787
2010	298	2000	1.283066053
2299	298	2000	0.784383975
2730	298	2000	119.0064607
3120	298	2000	117.1578159
4807	298	2000	2.737092896
5257	298	2000	127.1474414
6029	298	2000	129.4615741
6438	298	2000	90.03398547
7009	298	2000	0.931618581
7146	298	2000	3.001260279
7263	298	2000	12.47715689
7389	298	2000	130.0432536
8804	298	2000	24.90448904
9699	298	2000	0.775791213
9776	298	2000	101.395208
9824	298	2000	15.39030245
9934	298	2000	19.90417043
11032	298	2000	6.238929367
11613	298	2000	2.365839847
1176	298	2000	46.12076132
11830	298	2000	80.0823369
1209	298	2000	100.5143695
12193	298	2000	0.365064623
12268	298	2000	0.848228478
12649	298	2000	28.1724401
12935	298	2000	82.90933003
12976	298	2000	108.1883671
13234	298	2000	32.23376457
1999	298	2000	1.375917126
2144	298	2000	130.8652736
2287	298	2000	1.218116248
2327	298	2000	0.612339204
2521	298	2000	111.1053111
4429	298	2000	1.25418155
4579	298	2000	6.357311103
6512	298	2000	1.809607304
7806	298	2000	1.57156326
787	298	2000	0.71225848
9033	298	2000	122.7334564
9787	298	2000	8.493529739
11584	298	2000	6.028012288
11684	298	2000	1.997791815
1225	298	2000	67.39317839
12289	298	2000	0.296020302
12587	298	2000	8.990854179
1268	298	2000	56.3036976
12740	298	2000	107.9024519
13064	298	2000	5.304991411
13307	298	2000	3.795697732
214	298	2000	112.8562253
2802	298	2000	59.11652233
3888	298	2000	46.05913489
4280	298	2000	2.735172186
4850	298	2000	2.146384163
5126	298	2000	2.866728356
5258	298	2000	14.1950795
579	298	2000	7.033210372
6942	298	2000	2.183509191
8092	298	2000	0.666811635
8218	298	2000	2.542414181
829	298	2000	8.437837963
847	298	2000	5.131973954
9146	298	2000	111.0991045
11097	298	2000	1.335470424
11475	298	2000	27.06217648
1167	298	2000	53.2919127
1217	298	2000	51.32118944
12400	298	2000	68.67116335
13070	298	2000	2.703390793
1414	298	2000	62.4959162
1959	298	2000	0.986594508
2604	298	2000	8.520875027
3715	298	2000	6.473851003
4083	298	2000	59.68597599
4760	298	2000	125.4993401
4810	298	2000	122.2698343
5506	298	2000	3.836131782
6051	298	2000	1.272597388
6091	298	2000	0.553296608
693	298	2000	12.7031695
808	298	2000	6.162135902
8368	298	2000	2.522168102
8712	298	2000	19.36808311
8846	298	2000	9.744058786
9465	298	2000	39.8255118
974	298	2000	104.6561577
10944	298	2000	23.21699085
11166	298	2000	124.1149115
121	298	2000	61.36678753
13166	298	2000	2.868944968
13461	298	2000	114.2376815
1404	298	2000	17.7742758
1987	298	2000	
2177	298	2000	11.01682384
2843	298	2000	124.5239679
2929	298	2000	122.4324245
3242	298	2000	15.8144739
3390	298	2000	43.26993585
4215	298	2000	1.717626788
4815	298	2000	55.72399962
5492	298	2000	125.8912122
664	298	2000	3.946217542
6974	298	2000	7.00855028
8145	298	2000	101.19026
8472	298	2000	0.524526013
8751	298	2000	23.71620366
9169	298	2000	106.834642
1019	298	2000	1.973492926
10290	298	2000	6.088392972
1074	298	2000	41.10805451
11110	298	2000	115.3302865
11269	298	2000	5.628450785
1194	298	2000	76.04709925
12616	298	2000	1.779418274
12905	298	2000	40.37136076
12961	298	2000	1.711978678
4167	298	2000	112.472305
4321	298	2000	0.856205989
5827	298	2000	88.59475847
6239	298	2000	3.767299387
6388	298	2000	84.63967428
6407	298	2000	127.3870488
718	298	2000	1.746366797
7412	298	2000	4.349659181
7666	298	2000	3.210983125
783	298	2000	0.597960086
8	298	2000	119.3639073
84	298	2000	20.89247446
8415	298	2000	3.197691162
8500	298	2000	0.826193438
9343	298	2000	78.79592141
10014	298	2000	9.560475279
104	298	2000	49.59065032
11668	298	2000	14.76267405
12180	298	2000	24.18773837
13271	298	2000	71.03852637
1438	298	2000	54.60303684
1903	298	2000	3.033072305
2049	298	2000	1.737780614
2460	298	2000	16.25276155
2510	298	2000	107.8893244
2737	298	2000	126.9606508
4220	298	2000	1.983561423
5908	298	2000	113.3566896
669	298	2000	3.379071678
7525	298	2000	2.378836939
7939	298	2000	22.63515579
8348	298	2000	107.9558315
8410	298	2000	5.178134471
8757	298	2000	18.8548621
9027	298	2000	0.009044713
9079	298	2000	55.90124555
9133	298	2000	10.43050273
9314	298	2000	117.9469886
1015	298	2000	73.11008217
1142	298	2000	4.914150506
11600	298	2000	22.16623718
13264	298	2000	39.83192536
13288	298	2000	0.555099844
2076	298	2000	127.0444989
2378	298	2000	102.9782359
2646	298	2000	114.0020096
2681	298	2000	109.0516422
3202	298	2000	87.3003219
4234	298	2000	0.946612948
5367	298	2000	1.283047447
5660	298	2000	0.796063563
5944	298	2000	111.8074909
6003	298	2000	116.7105758
6056	298	2000	1.991805736
6271	298	2000	3.464281964
7006	298	2000	2.05753379
7165	298	2000	127.1619907
7312	298	2000	6.316908744
7738	298	2000	2.290255926
8320	298	2000	1.789328759
853	298	2000	30.14290676
10196	298	2000	15.50079969
11720	298	2000	36.60980657
11857	298	2000	110.575527
12185	298	2000	23.77662208
1272	298	2000	56.40668212
13037	298	2000	44.92168501
1809	298	2000	1.792537032
2003	298	2000	19.09590123
2204	298	2000	0.650740747
2262	298	2000	127.3529124
2399	298	2000	49.45981772
2916	298	2000	102.153855
3534	298	2000	76.46359795
3741	298	2000	123.5643908
46	298	2000	84.42762633
4968	298	2000	111.8633312
5500	298	2000	14.63697156
5753	298	2000	91.68494779
5925	298	2000	109.2791798
7671	298	2000	0.695171713
8023	298	2000	1.187072068
8248	298	2000	5.171278547
9577	298	2000	3.587167578
9997	298	2000	0.830116678
10046	298	2000	0.749530662
10219	298	2000	5.345179656
10927	298	2000	3.529035729
11061	298	2000	60.12374762
1147	298	2000	87.5066271
13514	298	2000	100.5889528
213	298	2000	109.1456958
4475	298	2000	121.5017773
4794	298	2000	119.1604518
4866	298	2000	57.09773641
5024	298	2000	9.064695256
5271	298	2000	3.549093718
5545	298	2000	25.91922088
5578	298	2000	121.9966939
5907	298	2000	121.846791
6078	298	2000	10.76292715
6215	298	2000	20.05684608
7039	298	2000	128.1291961
729	298	2000	1.341052325
8416	298	2000	3.09136098
8469	298	2000	0.552903496
8990	298	2000	93.45820301
9588	298	2000	36.95268726
1065	298	2000	51.33043834
11040	298	2000	92.11927922
11065	298	2000	4.211661175
12567	298	2000	27.20563753
144	298	2000	54.50828949
200	298	2000	100.2041273
2051	298	2000	3.019739058
2601	298	2000	127.3493894
275	298	2000	118.8463358
3324	298	2000	120.9278116
3393	298	2000	93.49817623
3521	298	2000	31.89542723
4482	298	2000	125.0444734
7267	298	2000	9.376945421
7290	298	2000	0.69091281
765	298	2000	2.308878466
8204	298	2000	3.525452808
8382	298	2000	93.32930982
9612	298	2000	2.600332989
9638	298	2000	111.6052103
9715	298	2000	0.959352498
1049	298	2000	63.61693694
11044	298	2000	4.253051699
13297	298	2000	0.655263751
151	298	2000	107.0801682
1939	298	2000	4.346653652
3199	298	2000	84.67000789
3293	298	2000	101.772653
4066	298	2000	71.24801055
4100	298	2000	122.3839282
4144	298	2000	122.9711336
4663	298	2000	1.787514108
4704	298	2000	98.99705062
4718	298	2000	68.28241408
4739	298	2000	31.97179165
4981	298	2000	128.4771532
5358	298	2000	28.71951943
654	298	2000	47.45549627
7481	298	2000	1.071104605
7754	298	2000	2.037696455
7878	298	2000	98.55005886
8301	298	2000	8.823738487
9720	298	2000	0.444940832
9858	298	2000	0.661825045
9982	298	2000	2.983877406
1034	298	2000	13.62668062
11646	298	2000	78.67164444
11733	298	2000	116.1153423
11770	298	2000	6.040645591
12370	298	2000	4.892452443
12875	298	2000	6.641913699
12932	298	2000	73.96037673
12985	298	2000	100.4181206
1393	298	2000	37.25469857
1946	298	2000	1.507703826
2275	298	2000	12.7784264
2495	298	2000	121.1641051
3193	298	2000	11.71080279
7522	298	2000	1.996365577
7737	298	2000	130.4664702
7742	298	2000	117.1835812
8017	298	2000	64.85904163
811	298	2000	10.17100404
8972	298	2000	117.3444025
9152	298	2000	122.21128
9158	298	2000	113.7498514
9195	298	2000	74.87132534
9490	298	2000	107.4859643
10054	298	2000	25.45058787
11300	298	2000	0.771162621
11718	298	2000	4.485920891
13226	298	2000	25.03551905
13389	298	2000	52.38885961
2207	298	2000	122.2996522
2669	298	2000	82.76242387
3208	298	2000	120.4811756
3989	298	2000	117.7218322
4015	298	2000	67.73376994
5108	298	2000	124.8895517
5729	298	2000	78.0674782
618	298	2000	2.723123873
6872	298	2000	102.1742028
7664	298	2000	17.1446895
772	298	2000	1.983785666
8014	298	2000	83.36783047
8183	298	2000	4.8673476
8189	298	2000	1.806633563
8190	298	2000	90.59580032
8605	298	2000	31.33282804
8937	298	2000	42.38182025
9166	298	2000	2.777391044
9656	298	2000	24.34266332
10248	298	2000	9.785278799
11389	298	2000	5.137620967
11471	298	2000	23.50632545
1301	298	2000	9.561907092
13047	298	2000	5.419474382
13299	298	2000	1.894154105
133	298	2000	124.7123988
1960	298	2000	3.611876515
2346	298	2000	1.842836005
3827	298	2000	79.85141362
3835	298	2000	115.1936009
5033	298	2000	115.050784
5518	298	2000	4.014687683
6462	298	2000	10.74722061
6508	298	2000	0.666465838
7946	298	2000	48.76622407
8031	298	2000	16.21129151
8173	298	2000	20.61157158
8978	298	2000	72.56648754
9103	298	2000	7.443724686
9450	298	2000	36.49671465
952	298	2000	55.70811815
9882	298	2000	8.641006269
10369	298	2000	0.819009758
11199	298	2000	1.423941857
11707	298	2000	40.71830226
12909	298	2000	26.42586019
12912	298	2000	5.198739931
13079	298	2000	53.13353989
13154	298	2000	31.53754431
13270	298	2000	59.26342287
156	298	2000	101.5288879
1916	298	2000	0.414871281
2101	298	2000	1.23808003
2250	298	2000	1.855083674
2421	298	2000	3.878938386
3249	298	2000	50.81241791
4053	298	2000	123.3907879
4547	298	2000	14.49788492
4977	298	2000	6.064006594
7530	298	2000	0.686332899
7750	298	2000	0.835433886
7797	298	2000	1.679292097
7913	298	2000	6.955898648
8927	298	2000	115.9865755
9845	298	2000	1.930310983
11345	298	2000	2.825854842
1177	298	2000	41.63309944
12212	298	2000	113.159011
12759	298	2000	5.001523051
12863	298	2000	24.35206134
13163	298	2000	5.297582587
13273	298	2000	16.19439362
13443	298	2000	62.20822618
2183	298	2000	6.369252818
2412	298	2000	123.4784282
2582	298	2000	6.793008212
3430	298	2000	3.431558587
3592	298	2000	112.6736062
4080	298	2000	96.96220726
4888	298	2000	12.28518969
5419	298	2000	3.511005813
5483	298	2000	120.5100768
5515	298	2000	3.138059636
57	298	2000	105.9822309
6127	298	2000	6.102298689
6290	298	2000	1.552146975
7938	298	2000	48.41034368
8327	298	2000	2.528443811
9472	298	2000	4.481999943
10310	298	2000	8.844349006
11530	298	2000	1.235335964
11688	298	2000	81.82473796
1429	298	2000	57.97076727
1454	298	2000	5.794619025
1911	298	2000	0.793257205
1918	298	2000	0.831942566
2740	298	2000	3.148199366
2785	298	2000	117.8667124
3854	298	2000	44.61994934
3865	298	2000	2.678790437
4192	298	2000	128.2118651
5395	298	2000	75.8706762
569	298	2000	17.38482805
6225	298	2000	3.217894526
6899	298	2000	1.148232375
7167	298	2000	125.3035175
7608	298	2000	7.239940568
7667	298	2000	5.116698099
7960	298	2000	4.986664674
8391	298	2000	32.82839637
10380	298	2000	0.676020026
11373	298	2000	3.355224902
11643	298	2000	107.213342
1247	298	2000	80.90846052
12809	298	2000	33.91049465
1448	298	2000	46.81876383
162	298	2000	115.3760745
1812	298	2000	4.427472717
1857	298	2000	1.768927339
2033	298	2000	3.10551546
2391	298	2000	110.9703052
2868	298	2000	118.261112
2979	298	2000	7.452468687
3037	298	2000	2.059761978
4593	298	2000	1.446647954
4611	298	2000	0.789991809
5031	298	2000	105.827047
5229	298	2000	19.7579058
5509	298	2000	7.844289431
6450	298	2000	126.1712567
659	298	2000	30.35036263
7529	298	2000	1.701406265
8945	298	2000	71.83057643
9971	298	2000	29.71760958
10194	298	2000	5.077022596
10964	298	2000	18.97637218
11517	298	2000	1.378204231
11599	298	2000	16.18311274
12207	298	2000	114.7000974
12555	298	2000	116.7396086
12900	298	2000	41.21660214
12968	298	2000	8.735689022
2158	298	2000	0.719021866
2169	298	2000	127.201421
2483	298	2000	6.362732226
3060	298	2000	98.43342902
3072	298	2000	125.0836733
3412	298	2000	0.770066368
4318	298	2000	3.594330238
5417	298	2000	8.582063218
5632	298	2000	0.00365342
5747	298	2000	6.953981517
7843	298	2000	2.129447092
8667	298	2000	114.6688672
924	298	2000	1.864920416
10032	298	2000	1.170405735
11865	298	2000	3.354755354
12291	298	2000	0.779643509
13499	298	2000	31.41936723
1391	298	2000	60.34241873
2849	298	2000	123.8250061
3401	298	2000	34.063979
3882	298	2000	117.1753579
4613	298	2000	1.841434195
4959	298	2000	94.71531679
5004	298	2000	88.55832358
5567	298	2000	3.461371051
5872	298	2000	22.09617788
6144	298	2000	128.6510497
6175	298	2000	7.289053394
6315	298	2000	6.461919398
7340	298	2000	0.762491516
7347	298	2000	120.5919584
7615	298	2000	0.967703249
7626	298	2000	0.811590648
8232	298	2000	0.492562479
903	298	2000	68.90987679
9077	298	2000	100.4062831
9126	298	2000	73.38953363
10027	298	2000	126.6662871
10360	298	2000	1.025483682
11014	298	2000	18.15852627
12836	298	2000	81.66543178
1417	298	2000	55.55445328
2857	298	2000	7.343547165
3029	298	2000	127.083926
3746	298	2000	127.4818538
4417	298	2000	0.658686255
4644	298	2000	3.339158087
4767	298	2000	28.97138819
4982	298	2000	8.013407987
5318	298	2000	116.4529265
5928	298	2000	113.2982448
6076	298	2000	8.509183468
6377	298	2000	3.451010242
6524	298	2000	3.329757375
7048	298	2000	0.963428842
7330	298	2000	1.206569576
7441	298	2000	126.3464449
81	298	2000	23.75021184
9198	298	2000	113.6294566
9208	298	2000	110.0180343
10295	298	2000	13.9242035
11333	298	2000	5.405372578
11529	298	2000	1.090008073
11750	298	2000	108.1648247
12720	298	2000	6.451847671
12815	298	2000	16.52219032
1354	298	2000	53.2866839
1398	298	2000	51.98230926
1440	298	2000	43.94321739
2094	298	2000	12.17307246
2443	298	2000	3.879139967
3068	298	2000	70.79296892
4069	298	2000	63.95039208
4171	298	2000	116.5081355
4567	298	2000	1.472498822
5461	298	2000	5.517292992
6008	298	2000	16.71840441
7277	298	2000	2.129626466
7452	298	2000	3.229474067
8440	298	2000	1.386178486
8841	298	2000	7.288261947
9532	298	2000	102.6759264
9706	298	2000	0.791148941
9965	298	2000	39.46460566
10158	298	2000	7.284667927
10278	298	2000	6.143358221
10364	298	2000	5.051966171
10968	298	2000	120.263894
11881	298	2000	106.2502889
12577	298	2000	3.448546314
13346	298	2000	37.7117532
2618	298	2000	13.62387558
4036	298	2000	66.34952074
5566	298	2000	3.927200423
5701	298	2000	124.3929545
5877	298	2000	100.9732073
5997	298	2000	121.0322334
7101	298	2000	0.476813073
7519	298	2000	0.707139686
8108	298	2000	55.92968369
8388	298	2000	69.65184754
9089	298	2000	118.8776469
930	298	2000	43.54026047
9508	298	2000	3.629716051
9548	298	2000	101.4623508
9668	298	2000	19.82370356
10336	298	2000	9.032958013
10340	298	2000	17.35967481
10386	298	2000	9.971321403
11211	298	2000	102.1817481
11682	298	2000	1.511506001
12240	298	2000	0.579744115
12290	298	2000	7.604233638
12632	298	2000	8.264461778
12718	298	2000	41.66300059
1738	298	2000	127.7888183
1788	298	2000	5.199761411
1892	298	2000	1.967558563
3371	298	2000	119.4934185
3416	298	2000	1.696408242
5028	298	2000	10.08481242
5379	298	2000	2.144498557
5505	298	2000	9.85599394
6038	298	2000	2.983683342
63	298	2000	113.4948801
7200	298	2000	106.5415732
7228	298	2000	7.084736654
7390	298	2000	128.9563916
8957	298	2000	20.36828963
9035	298	2000	122.1914726
10339	298	2000	20.01787991
11018	298	2000	115.3902979
11381	298	2000	4.24198437
1154	298	2000	56.57096142
11552	298	2000	125.3685849
11859	298	2000	49.39346288
13397	298	2000	9.81432246
1447	298	2000	65.83992185
2142	298	2000	8.777135328
270	298	2000	0.384090928
2770	298	2000	67.46035658
3398	298	2000	27.10802717
4250	298	2000	8.086003349
5738	298	2000	111.9778924
6835	298	2000	2.666199429
7173	298	2000	3.051256094
7400	298	2000	11.52792431
7422	298	2000	2.546063245
8510	298	2000	21.40811348
8904	298	2000	91.74955142
8929	298	2000	116.5525849
9147	298	2000	96.66909629
9924	298	2000	120.3586909
10018	298	2000	10.5073765
1100	298	2000	47.27665623
11041	298	2000	4.635714887
12708	298	2000	59.48366387
13284	298	2000	37.51966156
13429	298	2000	19.89163951
1789	298	2000	10.3292151
2059	298	2000	116.9728549
2514	298	2000	60.70213588
2536	298	2000	8.529815919
3800	298	2000	2.142237986
4271	298	2000	3.695589832
5100	298	2000	19.58972759
5396	298	2000	117.0159913
6047	298	2000	10.35211629
6941	298	2000	15.38113173
7489	298	2000	30.5288298
8202	298	2000	7.618101056
8366	298	2000	18.27178148
8445	298	2000	5.054956256
9047	298	2000	70.35940595
9244	298	2000	116.8526631
956	298	2000	112.2683901
9583	298	2000	109.7287937
11099	298	2000	3.927351317
11202	298	2000	1.351805809
11230	298	2000	2.719974656
12920	298	2000	6.387067879
13146	298	2000	22.88789698
2011	298	2000	2.979918205
2176	298	2000	130.1495333
2216	298	2000	124.9543422
3	298	2000	102.5434651
4096	298	2000	119.0646709
4696	298	2000	115.8229623
5119	298	2000	13.57016402
5178	298	2000	1.601902274
5292	298	2000	117.3687112
5508	298	2000	34.92090646
5850	298	2000	79.65130139
7711	298	2000	0.72795576
820	298	2000	9.066005857
8518	298	2000	4.72146615
860	298	2000	63.77828632
8999	298	2000	53.73867402
9707	298	2000	0.811206078
9709	298	2000	0.387108939
11009	298	2000	81.56014645
11353	298	2000	104.0490092
1403	298	2000	31.00863135
266	298	2000	118.566622
2954	298	2000	3.988369721
3046	298	2000	9.293781208
305	298	2000	108.8943267
3366	298	2000	120.9543756
4024	298	2000	65.21628717
4152	298	2000	1.37542655
4460	298	2000	0.811987055
4655	298	2000	3.424194366
5806	298	2000	5.535832795
6908	298	2000	1.430291889
7371	298	2000	14.29643368
7440	298	2000	128.8237971
7477	298	2000	1.322995139
780	298	2000	3.000079879
8048	298	2000	3.361082202
8429	298	2000	88.42744297
8498	298	2000	9.197146175
932	298	2000	7.337059664
9589	298	2000	30.36135425
10153	298	2000	4.169586402
10992	298	2000	13.30112333
11224	298	2000	24.1031736
11520	298	2000	3.5622019
1189	298	2000	3.520159025
1313	298	2000	56.02384314
13136	298	2000	106.7389758
1350	298	2000	7.11138223
2303	298	2000	124.8829408
4077	298	2000	92.39404431
4597	298	2000	129.2636876
4914	298	2000	113.1713676
5149	298	2000	104.0259569
5187	298	2000	2.010562893
5192	298	2000	1.029136682
5213	298	2000	24.02651758
5300	298	2000	124.4308469
7705	298	2000	116.9973883
9069	298	2000	110.7637237
91	298	2000	75.13322289
9108	298	2000	36.38813978
9563	298	2000	31.61686442
9732	298	2000	123.1456097
9963	298	2000	26.53011894
10325	298	2000	7.883580339
11212	298	2000	121.7453505
11257	298	2000	121.7060049
1158	298	2000	66.19970062
1179	298	2000	55.66294305
12189	298	2000	29.4113353
12257	298	2000	24.47525348
13391	298	2000	8.037994119
202	298	2000	100.161651
2281	298	2000	3.794978162
2375	298	2000	96.28322421
2423	298	2000	81.17765278
2437	298	2000	8.527001823
2823	298	2000	112.4837908
2989	298	2000	2.476298133
3358	298	2000	112.6599063
4396	298	2000	1.487591443
5575	298	2000	1.959938401
6026	298	2000	98.47127124
7782	298	2000	129.5867271
8227	298	2000	1.455045531
9299	298	2000	80.69112784
9587	298	2000	34.52692538
9967	298	2000	5.932819919
11861	298	2000	24.34917734
12388	298	2000	0.749296973
13013	298	2000	12.52944632
1945	298	2000	2.34285756
2087	298	2000	5.106804987
2389	298	2000	104.2992374
2397	298	2000	47.30461223
2505	298	2000	120.6396567
3166	298	2000	121.7304437
3419	298	2000	1.959414016
5683	298	2000	109.0696488
5955	298	2000	104.3389402
5994	298	2000	114.7121183
6185	298	2000	3.320889729
634	298	2000	42.27446027
7345	298	2000	127.5023598
7904	298	2000	112.0210913
8431	298	2000	88.71980496
8648	298	2000	50.99055954
9017	298	2000	110.1862126
9301	298	2000	90.87021977
9752	298	2000	0.665623291
9874	298	2000	1.288405572
10041	298	2000	0.6705714
10365	298	2000	6.265202802
1101	298	2000	97.8759733
11315	298	2000	117.309779
11801	298	2000	33.2837489
11841	298	2000	70.03451808
12217	298	2000	8.510134078
1287	298	2000	5.048771211
4542	298	2000	16.15484771
4586	298	2000	126.5826708
4682	298	2000	121.5633947
4799	298	2000	5.103733101
5759	298	2000	58.57894093
6154	298	2000	130.8163737
8195	298	2000	32.38146807
8319	298	2000	2.598702137
8324	298	2000	3.273806817
9007	298	2000	33.94309615
9045	298	2000	12.97765879
9105	298	2000	32.42995052
9954	298	2000	122.5815377
9999	298	2000	123.4966881
11016	298	2000	26.83100634
11285	298	2000	2.120630449
11457	298	2000	33.51716253
12859	298	2000	110.3149148
13216	298	2000	52.35477725
1735	298	2000	0.438060067
2127	298	2000	5.51201619
2206	298	2000	1.005672297
3462	298	2000	47.98746487
3613	298	2000	1.505284775
3900	298	2000	7.047014698
4028	298	2000	73.24860454
4052	298	2000	124.6561574
4912	298	2000	120.715868
5538	298	2000	123.1224549
6083	298	2000	10.25592353
619	298	2000	0.70964289
6342	298	2000	0.940114419
793	298	2000	1.0935546
7944	298	2000	26.35721979
828	298	2000	11.63672663
9053	298	2000	34.12476241
9323	298	2000	76.51474576
11418	298	2000	39.85633635
13054	298	2000	6.389974214
13370	298	2000	90.07327668
1984	298	2000	88.50905736
2693	298	2000	119.2065495
2715	298	2000	74.56453634
3301	298	2000	115.8153661
3615	298	2000	6.162321202
3669	298	2000	17.16316368
3704	298	2000	3.246834512
3706	298	2000	6.193860883
4251	298	2000	69.34600701
4500	298	2000	4.593243823
5091	298	2000	0.652457198
5111	298	2000	113.027469
5573	298	2000	4.331587953
5661	298	2000	33.35045354
6156	298	2000	128.160664
7968	298	2000	109.2928693
8488	298	2000	5.062716996
8831	298	2000	120.5131816
9333	298	2000	6.106356099
9595	298	2000	33.58334423
10078	298	2000	1.435305625
10307	298	2000	11.98873376
11393	298	2000	3.3945538
13286	298	2000	18.59009582
1345	298	2000	50.28229618
4467	298	2000	2.117845293
4680	298	2000	18.17791808
5892	298	2000	115.042302
6046	298	2000	3.626500317
6192	298	2000	127.7806616
644	298	2000	1.246503707
7216	298	2000	43.46935761
7727	298	2000	114.6486386
7815	298	2000	0.936407565
7990	298	2000	74.16981788
8264	298	2000	2.616462781
8754	298	2000	118.2185663
8959	298	2000	15.53269839
9220	298	2000	31.38712475
9567	298	2000	8.469437034
9766	298	2000	123.0460465
10030	298	2000	2.218305065
11266	298	2000	1.48462902
11336	298	2000	32.99640637
11714	298	2000	6.877322183
12354	298	2000	29.97685418
12872	298	2000	9.637567085
1288	298	2000	37.52958329
1743	298	2000	126.1044122
282	298	2000	50.25095485
2966	298	2000	120.323792
3097	298	2000	6.104689999
3621	298	2000	1.489715146
4120	298	2000	96.60800607
5760	298	2000	79.15201757
6329	298	2000	3.354973348
6496	298	2000	2.026734462
7255	298	2000	125.6376823
7316	298	2000	4.387951817
7485	298	2000	24.22943784
7629	298	2000	88.74944825
798	298	2000	11.18508967
817	298	2000	12.62827979
9833	298	2000	22.48075833
11037	298	2000	3.478073879
11103	298	2000	0.390483878
12248	298	2000	1.15345193
12941	298	2000	42.46274815
2014	298	2000	1.972271074
2121	298	2000	125.8213345
2249	298	2000	2.808050897
2589	298	2000	38.64951179
4203	298	2000	123.2403028
4533	298	2000	130.6866127
4797	298	2000	119.4663318
5117	298	2000	74.77023152
5442	298	2000	120.9861597
7126	298	2000	37.2500407
7589	298	2000	95.50747985
8138	298	2000	5.105865605
8221	298	2000	0.493196656
8278	298	2000	4.360445815
8331	298	2000	75.48309756
8623	298	2000	102.0891915
9096	298	2000	58.83234952
978	298	2000	68.5626406
9791	298	2000	19.76829168
9847	298	2000	0.588350726
11183	298	2000	24.16952639
11425	298	2000	128.7861816
11851	298	2000	46.73671714
1190	298	2000	5.372996381
12340	298	2000	0.847032
1306	298	2000	61.81183969
1850	298	2000	1.744710846
252	298	2000	37.03051953
3388	298	2000	63.20815952
3431	298	2000	2.284440115
3984	298	2000	117.8163597
4169	298	2000	107.0381569
4605	298	2000	1.77745391
5133	298	2000	1.760810972
5235	298	2000	3.433111471
574	298	2000	1.598174149
5897	298	2000	118.7829369
6267	298	2000	2.469724953
6867	298	2000	97.46059334
7532	298	2000	0.931536592
8879	298	2000	115.8329017
9031	298	2000	124.1324519
9796	298	2000	2.896762135
11527	298	2000	0.598007951
11635	298	2000	1.897303092
12895	298	2000	31.47557237
1336	298	2000	48.54628847
13394	298	2000	40.73882519
1423	298	2000	54.04381735
1810	298	2000	0.801000528
1858	298	2000	0.877415836
2471	298	2000	33.4152657
2611	298	2000	10.52178556
3976	298	2000	113.9081576
4190	298	2000	125.6863322
4440	298	2000	125.7595541
5704	298	2000	124.6784438
5939	298	2000	125.773117
6246	298	2000	1.659809846
6884	298	2000	107.12904
6924	298	2000	126.3865025
7239	298	2000	0.882266357
7253	298	2000	122.6280591
78	298	2000	12.25902112
782	298	2000	0.828654652
7875	298	2000	81.5244395
9742	298	2000	7.491959719
10292	298	2000	16.64800442
107	298	2000	57.0533614
11545	298	2000	108.2088459
12621	298	2000	31.71631467
2081	298	2000	1.81020849
2716	298	2000	64.80031865
2897	298	2000	17.08232287
2904	298	2000	2.532999258
3880	298	2000	20.91952354
3931	298	2000	30.45365247
4209	298	2000	2.701604778
4334	298	2000	1.177605275
4910	298	2000	104.9234681
4980	298	2000	12.60085993
5433	298	2000	1.385949878
5526	298	2000	3.667294777
564	298	2000	104.4725003
7318	298	2000	0.666145885
8088	298	2000	24.40413787
8359	298	2000	105.3309408
85	298	2000	10.4312956
9350	298	2000	114.148967
10330	298	2000	5.57754297
11015	298	2000	36.12568216
11167	298	2000	27.26145614
11213	298	2000	122.279586
11597	298	2000	70.508026
11753	298	2000	53.68120094
1236	298	2000	10.96831959
12855	298	2000	7.827607611
13170	298	2000	119.2354037
1847	298	2000	0.910377155
227	298	2000	118.9667383
3604	298	2000	1.670576401
3785	298	2000	25.44486865
4626	298	2000	88.01992093
6222	298	2000	11.52703461
7132	298	2000	46.95784211
7846	298	2000	4.537817299
7937	298	2000	70.58866128
9148	298	2000	118.867763
9261	298	2000	119.0612188
9556	298	2000	6.959600233
9913	298	2000	37.54562745
10269	298	2000	9.696171825
10953	298	2000	6.917618178
11067	298	2000	81.35985568
11818	298	2000	2.161474713
12336	298	2000	0.748399659
12347	298	2000	1.118704186
12818	298	2000	33.82047545
13192	298	2000	1.752034567
13408	298	2000	72.71182071
2295	298	2000	2.201439752
2403	298	2000	93.38523615
3788	298	2000	108.5070937
5118	298	2000	87.51304998
5468	298	2000	0.783783311
5728	298	2000	16.1068939
7125	298	2000	127.7106136
7139	298	2000	1.606308265
7423	298	2000	1.785954283
8083	298	2000	0.666911669
8292	298	2000	59.35390721
839	298	2000	2.843496568
8809	298	2000	16.83365211
8811	298	2000	120.0266123
1	298	2000	94.0099131
10997	298	2000	26.1106762
1226	298	2000	7.56346083
13024	298	2000	112.359457
13323	298	2000	79.45803467
2157	298	2000	1.994908058
2234	298	2000	115.0887944
2636	298	2000	108.9501851
4377	298	2000	0.952860501
5633	298	2000	105.903433
5805	298	2000	83.9751516
5968	298	2000	15.5671469
6288	298	2000	8.883009183
6475	298	2000	4.514271488
6979	298	2000	3.041207418
7353	298	2000	16.06910141
7610	298	2000	2.370103841
8065	298	2000	80.03392136
8506	298	2000	6.279805816
9006	298	2000	32.63288508
9617	298	2000	6.013320403
9753	298	2000	11.95037213
9775	298	2000	32.18625606
10359	298	2000	6.017667407
10979	298	2000	80.56694098
11500	298	2000	36.26685731
12298	298	2000	1.647622704
1370	298	2000	71.05964892
1921	298	2000	2.326941903
2185	298	2000	1.379279936
2470	298	2000	1.201673701
2980	298	2000	2.358438748
3492	298	2000	91.52388246
4274	298	2000	0.848768872
4494	298	2000	29.51494105
5036	298	2000	20.96027252
5309	298	2000	25.13523096
5541	298	2000	126.6191635
7179	298	2000	123.9090525
8409	298	2000	25.30821329
8700	298	2000	33.72820116
8812	298	2000	119.297733
8896	298	2000	45.67823407
8913	298	2000	69.51876812
9159	298	2000	53.04920464
9437	298	2000	90.75632063
9512	298	2000	21.45534655
10031	298	2000	1.870979725
11130	298	2000	25.50462805
11371	298	2000	19.44023069
11567	298	2000	27.93058074
11769	298	2000	4.707455202
1202	298	2000	86.44006826
12218	298	2000	10.30023823
12658	298	2000	39.8624127
12705	298	2000	43.72876196
12942	298	2000	30.90635751
13164	298	2000	1.344201604
1329	298	2000	45.79470844
2852	298	2000	70.35909708
2992	298	2000	8.410438548
4032	298	2000	93.11489749
4410	298	2000	2.662082132
5816	298	2000	5.769449344
6209	298	2000	129.9085392
6218	298	2000	125.5493089
6992	298	2000	1.040847654
7499	298	2000	28.93239615
8167	298	2000	12.22585865
8610	298	2000	108.6110574
9257	298	2000	109.3299991
1062	298	2000	57.98387121
11377	298	2000	127.5713246
12255	298	2000	108.1518587
1265	298	2000	62.25760855
12861	298	2000	60.01435281
13442	298	2000	3.029723222
1786	298	2000	128.8324844
2012	298	2000	123.0507251
3144	298	2000	4.452724596
3582	298	2000	40.43989098
4577	298	2000	129.3026747
4837	298	2000	86.43766936
5452	298	2000	6.834305488
5731	298	2000	86.25638958
6266	298	2000	20.67529181
6398	298	2000	105.8098191
7449	298	2000	4.498864764
7474	298	2000	0.866127743
7816	298	2000	3.768452961
7832	298	2000	3.81178623
8315	298	2000	3.441750041
8583	298	2000	117.5272746
9215	298	2000	61.44484703
9497	298	2000	52.09463979
10974	298	2000	1.730120888
11330	298	2000	2.538906176
11355	298	2000	108.8188431
115	298	2000	107.4913736
12562	298	2000	110.6730691
12784	298	2000	111.6062319
13109	298	2000	13.25426395
1994	298	2000	3.503042475
226	298	2000	123.0575249
3403	298	2000	6.028033447
4918	298	2000	114.8988624
5027	298	2000	111.7630634
5489	298	2000	116.7923688
5910	298	2000	101.5384184
6261	298	2000	4.598369805
7304	298	2000	8.540753741
8080	298	2000	13.68279683
8144	298	2000	6.417746751
8507	298	2000	4.976169534
8522	298	2000	1.217545208
11187	298	2000	29.07960241
11590	298	2000	113.2482006
13395	298	2000	4.075325234
1794	298	2000	10.90684881
2174	298	2000	126.2805042
2448	298	2000	115.7078486
2550	298	2000	95.54350125
2553	298	2000	112.4387976
2972	298	2000	98.53337434
3290	298	2000	21.40138781
3361	298	2000	117.5803777
3698	298	2000	23.05811355
4610	298	2000	2.003740151
4936	298	2000	121.335774
5055	298	2000	55.74559585
5663	298	2000	3.066136107
580	298	2000	2.321428131
6207	298	2000	110.7487977
7097	298	2000	1.903741636
790	298	2000	1.079994093
8787	298	2000	27.98434514
8902	298	2000	13.74541967
9718	298	2000	1.065456438
9919	298	2000	17.8965484
10065	298	2000	2.598909439
10387	298	2000	18.44332908
11247	298	2000	1.930278826
12208	298	2000	114.6095319
12588	298	2000	1.731051044
13416	298	2000	22.6792303
13481	298	2000	80.39915551
1791	298	2000	18.90186557
192	298	2000	82.43033479
2394	298	2000	118.137317
3016	298	2000	125.8532875
309	298	2000	118.013245
3095	298	2000	11.73054812
3722	298	2000	1.394833719
3910	298	2000	10.17559614
4558	298	2000	1.615022143
4811	298	2000	123.0572672
4919	298	2000	128.9562067
5544	298	2000	125.5206161
5724	298	2000	97.66330266
5742	298	2000	103.6446347
76	298	2000	118.5103338
9374	298	2000	60.99294062
11360	298	2000	96.02204626
12779	298	2000	4.725006157
13132	298	2000	32.38439999
1808	298	2000	2.34900389
2322	298	2000	14.72427528
2373	298	2000	98.35171845
3405	298	2000	5.857652281
4833	298	2000	1.037443105
5037	298	2000	122.8595221
5174	298	2000	58.55190919
5397	298	2000	120.425489
5722	298	2000	94.89483689
5888	298	2000	117.8436345
6040	298	2000	8.660446897
7490	298	2000	15.15800383
778	298	2000	11.85752052
7863	298	2000	1.513778858
8282	298	2000	1.142085812
8365	298	2000	1.373084169
8509	298	2000	0.735435582
9150	298	2000	120.0358178
9407	298	2000	44.37430726
10005	298	2000	112.7290324
1152	298	2000	61.9153092
12692	298	2000	97.89651897
13128	298	2000	113.3844926
13347	298	2000	2.814294661
194	298	2000	90.40218141
2104	298	2000	1.414569095
2347	298	2000	0.751815065
2612	298	2000	2.540200357
2651	298	2000	123.6293103
2732	298	2000	95.26901396
3946	298	2000	11.78965583
4012	298	2000	56.28250253
4360	298	2000	0.803354561
5169	298	2000	3.38953816
6028	298	2000	126.4145303
6534	298	2000	118.1384015
7102	298	2000	1.885327259
7358	298	2000	121.9406227
8089	298	2000	2.750373773
8619	298	2000	109.2002811
8855	298	2000	18.64462874
893	298	2000	2.174848432
9601	298	2000	29.28615013
10044	298	2000	0.664001509
10237	298	2000	1.296633963
11116	298	2000	120.773048
11738	298	2000	72.10975425
12934	298	2000	65.22556586
13302	298	2000	35.91706928
1838	298	2000	129.0390091
2475	298	2000	29.51016411
3171	298	2000	122.836365
325	298	2000	54.43933667
3606	298	2000	26.96655609
3672	298	2000	9.720939729
4001	298	2000	126.7190089
4005	298	2000	108.9088418
4218	298	2000	4.099635447
4581	298	2000	6.082262907
5459	298	2000	0.718430659
5594	298	2000	4.962689852
5607	298	2000	1.494694602
5671	298	2000	0.800855787
7537	298	2000	121.8102737
8332	298	2000	88.61018122
9136	298	2000	51.36837118
9680	298	2000	95.99493351
11798	298	2000	59.51716469
12213	298	2000	100.5805234
12629	298	2000	26.4123611
12690	298	2000	96.36327657
2089	298	2000	14.35361007
2284	298	2000	15.14151743
2909	298	2000	113.8795657
3594	298	2000	114.4764388
3728	298	2000	104.0363512
3818	298	2000	1.303600165
4674	298	2000	114.9215839
4958	298	2000	70.94611126
5426	298	2000	4.226798773
5933	298	2000	119.7658407
6344	298	2000	1.128860887
7886	298	2000	114.6889311
8079	298	2000	20.7108677
882	298	2000	15.57726661
8942	298	2000	51.25524411
9730	298	2000	122.4912745
9962	298	2000	98.99916858
10327	298	2000	7.000050105
1033	298	2000	86.17105964
11253	298	2000	121.6458591
11624	298	2000	32.25917474
11669	298	2000	11.55447669
2348	298	2000	1.358862287
2731	298	2000	124.0033196
2956	298	2000	96.24080521
3315	298	2000	120.2490443
4181	298	2000	108.8796363
4380	298	2000	0.945963887
4506	298	2000	1.773188538
4975	298	2000	20.26449818
5090	298	2000	1.775584923
5136	298	2000	113.9656303
5201	298	2000	121.6685215
6275	298	2000	6.939299341
6313	298	2000	11.93256454
698	298	2000	0.920147359
7691	298	2000	130.0231366
7865	298	2000	0.608824924
9131	298	2000	77.4645531
9254	298	2000	115.969078
954	298	2000	106.9807503
10083	298	2000	1.293983691
10099	298	2000	35.80579404
10376	298	2000	4.200244404
11304	298	2000	111.97253
11503	298	2000	7.819281152
11630	298	2000	4.468483119
11633	298	2000	3.761949278
12820	298	2000	4.168643735
1816	298	2000	4.497814089
2201	298	2000	0.694306383
298	298	2000	110.8003183
3124	298	2000	6.30484265
3311	298	2000	123.1220499
3805	298	2000	0.880108526
4843	298	2000	0.557583095
5536	298	2000	92.39672245
7820	298	2000	1.0000965
7957	298	2000	5.102931827
8256	298	2000	29.40088089
8483	298	2000	113.557745
890	298	2000	53.44512328
9604	298	2000	1.164969794
9681	298	2000	115.3140646
9894	298	2000	0.892496161
1055	298	2000	45.97440242
10942	298	2000	18.85027444
11290	298	2000	0.937630589
11535	298	2000	0.630508528
11775	298	2000	2.305788355
12250	298	2000	1.594709676
12335	298	2000	1.050005022
1251	298	2000	76.91855952
164	298	2000	108.5234212
3408	298	2000	18.62927512
4348	298	2000	2.779066506
4869	298	2000	123.9659031
4941	298	2000	122.7281621
5206	298	2000	128.4679967
5561	298	2000	5.99892602
5639	298	2000	122.1779376
5707	298	2000	4.565651297
7747	298	2000	8.713464472
8627	298	2000	116.0593436
9024	298	2000	74.09218812
9925	298	2000	7.971820693
9985	298	2000	0.676164899
10293	298	2000	11.69511479
1197	298	2000	62.69487601
12286	298	2000	1.160732012
12569	298	2000	66.16273136
12636	298	2000	2.602846743
1275	298	2000	61.42087677
1895	298	2000	0.7988409
3703	298	2000	101.9896412
3950	298	2000	29.83953723
4615	298	2000	1.294873195
4737	298	2000	122.2196316
4953	298	2000	128.6797978
5338	298	2000	121.1881991
5951	298	2000	119.6379007
6268	298	2000	6.272765209
7982	298	2000	104.4142284
8104	298	2000	1.3686506
9098	298	2000	92.09448221
911	298	2000	42.50446858
9183	298	2000	3.071983439
923	298	2000	11.28703205
9365	298	2000	98.65533402
9518	298	2000	42.18541634
9839	298	2000	12.78904054
11205	298	2000	124.4507143
1293	298	2000	49.2562964
13102	298	2000	15.1955729
13202	298	2000	26.92503922
2090	298	2000	5.479259289
2590	298	2000	102.3996325
3581	298	2000	49.67108112
4300	298	2000	5.511416417
4517	298	2000	2.109625047
4905	298	2000	37.3281966
5375	298	2000	1.292307972
5745	298	2000	97.38446484
6905	298	2000	2.084327375
7237	298	2000	3.972230753
7254	298	2000	128.5850256
7339	298	2000	1.325211865
7590	298	2000	109.6056375
7833	298	2000	1.08304033
7868	298	2000	13.31103491
825	298	2000	1.886855547
8413	298	2000	2.147344562
8987	298	2000	79.62148358
9316	298	2000	12.90135316
10012	298	2000	2.081028303
10344	298	2000	10.68313619
10363	298	2000	9.435353627
10995	298	2000	47.68107117
11645	298	2000	77.78851412
12889	298	2000	30.32197197
12939	298	2000	29.14540245
1851	298	2000	6.697402746
1972	298	2000	0.530888945
2060	298	2000	2.322183985
2309	298	2000	130.2524026
2935	298	2000	91.80639386
3117	298	2000	110.7851632
4272	298	2000	3.114531402
4546	298	2000	0.798206517
5906	298	2000	121.1083099
6182	298	2000	2.60248873
6324	298	2000	6.538626491
6993	298	2000	6.368278364
869	298	2000	51.22211561
872	298	2000	57.16447766
9610	298	2000	5.903881177
8987	298	2000	79.80872611
4905	298	2000	36.5309274
5745	298	2000	101.0406617
6905	298	2000	2.281134909
4517	298	2000	2.351293219
1293	298	2000	50.18344253
8413	298	2000	2.272532344
4300	298	2000	6.562070454
13102	298	2000	22.86541413
7339	298	2000	1.446674203
7254	298	2000	127.9483091
3581	298	2000	49.28321983
10955	298	2000	25.22387086
3605	298	2000	81.17542795
8386	298	2000	81.84839616
13486	298	2000	2.141221103
12274	298	2000	10.45464968
13463	298	2000	116.5375833
13501	298	2000	18.20850718
5093	298	2000	1.636852023
6041	298	2000	10.29226255
11403	298	2000	100.9229662
9352	298	2000	120.2493426
12269	298	2000	27.5854717
9760	298	2000	0.679790282
6010	298	2000	62.30719887
3981	298	2000	113.0769569
4008	298	2000	11.40285217
11004	298	2000	12.33121364
6865	298	2000	0.803627784
947	298	2000	40.58502412
3858	298	2000	66.35259613
2744	298	2000	121.9405797
1020	298	2000	74.47885195
1446	298	2000	52.582112
8675	298	2000	117.0001205
10320	298	2000	6.502884176
11748	298	2000	51.627368
1910	298	2000	6.018048379
8745	298	2000	106.1117839
868	298	2000	46.64121634
5700	298	2000	125.8769556
7917	298	2000	89.02812487
4751	298	2000	8.013900905
13261	298	2000	2.342389405
8738	298	2000	114.591027
11588	298	2000	1.58390032
4188	298	2000	49.78912863
2643	298	2000	119.3511377
3135	298	2000	120.6405622
8160	298	2000	103.8873655
7002	298	2000	128.2122297
13368	298	2000	95.77604169
4671	298	2000	107.8277993
10375	298	2000	6.735621501
3839	298	2000	119.9419316
7521	298	2000	1.485731907
13139	298	2000	62.96761397