ID	Temp	Pres	Molec_cm3overcm3
1010	298	20000	145.6318854
1071	298	20000	99.58169524
10947	298	20000	148.8267369
11020	298	20000	149.905348
11082	298	20000	146.9944403
1376	298	20000	142.140533
2226	298	20000	148.2698459
2864	298	20000	95.14331892
3122	298	20000	127.5756746
37	298	20000	144.7781541
3977	298	20000	113.4549796
4200	298	20000	42.45372554
4691	298	20000	150.1949059
5343	298	20000	129.0977275
618	298	20000	150.0159403
651	298	20000	4.897217607
6988	298	20000	7.21494028
7318	298	20000	153.9933881
8293	298	20000	143.9685986
8318	298	20000	
9197	298	20000	116.6687298
9390	298	20000	102.6535023
9638	298	20000	123.573383
9660	298	20000	145.0956931
10968	298	20000	133.2546021
11546	298	20000	138.7761701
11640	298	20000	123.5783181
11705	298	20000	146.6325338
11829	298	20000	133.8656112
12382	298	20000	
1714	298	20000	18.81429711
2066	298	20000	22.03577745
2672	298	20000	73.27241257
2755	298	20000	143.7777812
3253	298	20000	107.6632257
3582	298	20000	41.51532623
36	298	20000	143.7176426
4133	298	20000	108.476395
4842	298	20000	152.869787
5014	298	20000	119.8231067
5329	298	20000	134.3743113
5698	298	20000	138.3585184
5939	298	20000	139.3164569
6034	298	20000	143.4339002
701	298	20000	6.605135434
7762	298	20000	151.4700259
8781	298	20000	139.7671348
9085	298	20000	134.0600705
10031	298	20000	153.2935063
11100	298	20000	130.6092236
12243	298	20000	46.87278876
13210	298	20000	58.07546556
1728	298	20000	
1734	298	20000	18.36714442
1889	298	20000	151.0780995
1917	298	20000	34.54838851
1972	298	20000	7.27390687
3040	298	20000	148.1860258
3438	298	20000	128.4796174
3859	298	20000	
4088	298	20000	106.4944902
4306	298	20000	146.9164348
4708	298	20000	149.1752453
5618	298	20000	151.985306
6017	298	20000	105.080449
7197	298	20000	46.4480107
8508	298	20000	151.6605858
8743	298	20000	127.0765596
8763	298	20000	127.3110345
931	298	20000	136.0978162
9635	298	20000	107.3417291
9639	298	20000	124.00574
10095	298	20000	146.8031955
10315	298	20000	140.9775326
10950	298	20000	150.026247
11592	298	20000	123.2426504
12266	298	20000	146.7688614
12621	298	20000	138.648494
168	298	20000	126.5813337
1908	298	20000	
1932	298	20000	148.6906063
1999	298	20000	149.4778711
2764	298	20000	83.91782774
3132	298	20000	136.3311663
3224	298	20000	135.9400493
3583	298	20000	22.05542551
3729	298	20000	32.84305445
4182	298	20000	126.5725867
4207	298	20000	148.3771677
4655	298	20000	151.3078557
5657	298	20000	146.068633
5827	298	20000	96.97425288
6268	298	20000	152.0016427
6475	298	20000	149.2611365
6865	298	20000	9.873314319
9317	298	20000	125.8718454
1041	298	20000	92.97219718
1072	298	20000	142.0640848
11215	298	20000	141.0049102
11245	298	20000	152.7459911
11331	298	20000	143.6315157
11440	298	20000	153.9937515
11864	298	20000	149.5729976
12591	298	20000	101.8437526
13260	298	20000	49.0192995
13322	298	20000	141.899082
207	298	20000	132.5238938
3370	298	20000	134.3469075
4248	298	20000	146.3963189
4773	298	20000	141.5337922
4850	298	20000	153.7452185
4908	298	20000	67.54262926
6016	298	20000	115.0471843
6460	298	20000	147.3735181
7142	298	20000	148.9954732
8397	298	20000	150.2659102
8682	298	20000	134.3453937
9287	298	20000	146.7370288
9391	298	20000	88.5214927
947	298	20000	113.0504916
10155	298	20000	139.3216793
11111	298	20000	125.0921046
12555	298	20000	128.2121136
13440	298	20000	149.7493722
2498	298	20000	132.9112416
2712	298	20000	143.1535286
3112	298	20000	117.4722029
3204	298	20000	107.373094
3542	298	20000	90.08883227
3842	298	20000	134.9072352
3933	298	20000	139.4755134
4434	298	20000	142.8261532
5984	298	20000	122.9801256
6225	298	20000	151.5194595
6422	298	20000	145.8784669
721	298	20000	47.39769179
7272	298	20000	151.5293908
75	298	20000	132.3753867
8357	298	20000	150.9646423
8484	298	20000	134.8152196
8980	298	20000	133.7310364
9345	298	20000	59.48647862
9806	298	20000	154.6057255
9849	298	20000	154.8760543
10076	298	20000	42.47158566
10988	298	20000	138.212325
110	298	20000	88.65782527
12783	298	20000	132.0956244
12821	298	20000	149.9827619
12975	298	20000	123.67506
13342	298	20000	151.0741405
1781	298	20000	22.49461212
20	298	20000	132.7537597
2160	298	20000	26.79869095
2162	298	20000	15.5764467
3849	298	20000	131.7557712
4464	298	20000	152.393552
4885	298	20000	68.29343317
4989	298	20000	131.6110147
5107	298	20000	131.5637751
6346	298	20000	128.888396
7237	298	20000	150.1864827
7385	298	20000	37.47189138
7866	298	20000	13.01550178
7879	298	20000	110.5782947
8681	298	20000	133.8220249
9235	298	20000	150.0625898
9612	298	20000	149.1189202
11140	298	20000	152.1963625
112	298	20000	110.9331736
12287	298	20000	
12635	298	20000	68.51430432
12855	298	20000	145.2848563
13205	298	20000	65.2359739
13339	298	20000	132.9089584
1886	298	20000	148.5134434
234	298	20000	42.27201729
2502	298	20000	128.9990373
2516	298	20000	143.2175819
2569	298	20000	139.7900022
2767	298	20000	91.93594571
3636	298	20000	89.45713683
7128	298	20000	144.5700829
755	298	20000	149.4562976
8368	298	20000	153.5742285
8577	298	20000	90.10934871
8752	298	20000	
8777	298	20000	138.1249054
8832	298	20000	133.5393077
9630	298	20000	130.5588522
9670	298	20000	148.4769733
10234	298	20000	26.68143489
12283	298	20000	137.0919948
12572	298	20000	143.055122
12661	298	20000	140.4558244
12707	298	20000	142.1919811
12777	298	20000	54.35932623
13010	298	20000	150.6959446
13280	298	20000	123.2490522
2997	298	20000	147.2333869
3230	298	20000	137.1400045
3529	298	20000	
3896	298	20000	140.9015454
5797	298	20000	136.5826402
5963	298	20000	89.19019303
6309	298	20000	141.9997899
7192	298	20000	151.753614
7259	298	20000	145.7913368
7469	298	20000	47.99093858
7591	298	20000	121.9985085
7972	298	20000	99.16952851
899	298	20000	126.2044316
9093	298	20000	96.53592958
9786	298	20000	151.2790431
9838	298	20000	153.9779907
10153	298	20000	136.539458
10333	298	20000	18.47880666
11438	298	20000	152.628208
11856	298	20000	149.2603281
13017	298	20000	151.7817153
13121	298	20000	132.1046407
13397	298	20000	152.5633501
1992	298	20000	148.3898194
2236	298	20000	146.5399824
2287	298	20000	153.0451318
2354	298	20000	141.6577005
2725	298	20000	116.5964494
4020	298	20000	0
4289	298	20000	130.0349143
4583	298	20000	149.8712909
4782	298	20000	146.0287358
5033	298	20000	124.2673521
5436	298	20000	121.1654936
5555	298	20000	150.3604121
6888	298	20000	150.8374067
7113	298	20000	0
8622	298	20000	109.7332961
9001	298	20000	142.9947672
9967	298	20000	149.2116778
11501	298	20000	137.8024995
11633	298	20000	85.62922365
12551	298	20000	97.03457248
13134	298	20000	144.0308289
13334	298	20000	149.1854575
160	298	20000	123.406363
1713	298	20000	152.4099174
1996	298	20000	149.2969531
2921	298	20000	124.353444
3172	298	20000	139.1084203
3299	298	20000	104.3370079
3796	298	20000	
4049	298	20000	127.0082033
4500	298	20000	149.9517149
4540	298	20000	150.1337515
4706	298	20000	134.8378248
5248	298	20000	88.05800752
6355	298	20000	108.2768949
6905	298	20000	154.2986144
6986	298	20000	152.9133478
7389	298	20000	144.011021
857	298	20000	105.6034889
8628	298	20000	127.5394802
9604	298	20000	147.4123664
11295	298	20000	11.16392039
11768	298	20000	151.0403093
11865	298	20000	150.1672146
1330	298	20000	88.13046318
1942	298	20000	150.5132952
203	298	20000	119.1139212
2283	298	20000	152.4702265
2361	298	20000	83.14317348
2581	298	20000	143.7695534
2845	298	20000	143.0735581
3095	298	20000	146.4569981
3368	298	20000	131.8815842
3489	298	20000	0
4301	298	20000	142.1817329
5600	298	20000	149.5225196
7195	298	20000	153.2222425
727	298	20000	6.52193682
7858	298	20000	155.1160452
817	298	20000	140.6810564
8244	298	20000	133.6342033
8691	298	20000	139.3380965
9238	298	20000	63.03164811
9441	298	20000	75.15513611
9794	298	20000	152.2169071
1275	298	20000	125.7004811
13143	298	20000	148.5475858
13312	298	20000	113.0634093
2774	298	20000	105.8200815
3566	298	20000	136.6703057
4051	298	20000	129.5231446
4382	298	20000	22.43177727
4825	298	20000	149.2639485
5011	298	20000	138.5710711
5164	298	20000	143.5926938
5300	298	20000	137.5912255
5926	298	20000	117.9538381
6119	298	20000	148.5019351
665	298	20000	151.1810781
7724	298	20000	154.2158563
8490	298	20000	143.9755824
8598	298	20000	137.0960895
8906	298	20000	142.7723663
9330	298	20000	100.3094412
9374	298	20000	141.4145476
9429	298	20000	52.81823927
9518	298	20000	147.5190012
9542	298	20000	132.8210649
11538	298	20000	10.05127427
12587	298	20000	149.1572358
12754	298	20000	146.8401861
1878	298	20000	14.53838859
248	298	20000	31.22301998
2638	298	20000	117.4247229
2716	298	20000	67.72183986
2789	298	20000	130.2330517
2873	298	20000	133.1039297
3511	298	20000	57.8042128
4424	298	20000	
4499	298	20000	148.3462798
4909	298	20000	47.92428365
4936	298	20000	129.2457522
5058	298	20000	142.5254203
7129	298	20000	147.8680469
7321	298	20000	143.7497396
7404	298	20000	150.5292592
8132	298	20000	151.2434572
8997	298	20000	135.5770577
901	298	20000	125.6207747
9078	298	20000	64.79981088
9176	298	20000	9.143695662
9530	298	20000	70.1670236
10039	298	20000	154.9176556
11537	298	20000	40.25723465
118	298	20000	8.447418507
11813	298	20000	90.11815479
12588	298	20000	148.6089856
12719	298	20000	146.9052188
12872	298	20000	149.9024712
13362	298	20000	134.0970336
13388	298	20000	149.5275815
1442	298	20000	96.18757794
201	298	20000	77.85873558
2356	298	20000	52.85128896
3736	298	20000	135.1694685
4527	298	20000	99.54062221
5309	298	20000	146.4490842
5486	298	20000	127.2933651
6883	298	20000	148.6342073
7636	298	20000	124.4053202
8233	298	20000	19.54439303
8621	298	20000	116.5485053
9149	298	20000	36.7067208
9675	298	20000	107.6032562
9740	298	20000	151.3362076
9903	298	20000	9.661897762
11078	298	20000	115.1473343
1133	298	20000	133.235223
153	298	20000	112.3673812
2765	298	20000	105.5940928
292	298	20000	106.9394295
2976	298	20000	141.4491402
306	298	20000	93.02617909
3082	298	20000	139.910678
3092	298	20000	142.6320865
3730	298	20000	83.109549
3962	298	20000	
4797	298	20000	129.9086611
4933	298	20000	133.7835168
5196	298	20000	85.90494318
5589	298	20000	135.1321972
5713	298	20000	112.9684188
6279	298	20000	151.9882723
6447	298	20000	131.8334516
7205	298	20000	119.8074384
7590	298	20000	116.1841772
7911	298	20000	139.9219486
8125	298	20000	150.8706573
8234	298	20000	26.67659992
9657	298	20000	135.1573449
11727	298	20000	152.136409
11793	298	20000	146.6167008
11838	298	20000	133.0984663
12600	298	20000	130.710306
1274	298	20000	104.2688754
1731	298	20000	23.92222327
1863	298	20000	15.3346898
1923	298	20000	15.57683184
2061	298	20000	153.4396301
2458	298	20000	142.7192813
2510	298	20000	120.2481931
3057	298	20000	0
4001	298	20000	137.6922334
4905	298	20000	42.56144712
5758	298	20000	132.0157511
5991	298	20000	131.1167436
7207	298	20000	129.9491774
731	298	20000	15.75911201
7426	298	20000	155.0926965
7827	298	20000	145.600132
8687	298	20000	137.5253993
8866	298	20000	97.96902163
9094	298	20000	142.0199157
9764	298	20000	23.7779124
10010	298	20000	148.1794789
10151	298	20000	127.9796041
10206	298	20000	37.32708827
1030	298	20000	150.1393063
11480	298	20000	152.1678263
11528	298	20000	153.688615
1180	298	20000	102.8042599
1219	298	20000	144.949876
12395	298	20000	14.27061596
12604	298	20000	140.0596223
13266	298	20000	134.3076238
2262	298	20000	138.1064644
2501	298	20000	122.416028
2617	298	20000	119.7839107
2841	298	20000	121.6071015
4288	298	20000	125.8515311
5010	298	20000	88.37184369
5180	298	20000	5.691086638
5899	298	20000	132.2806031
6190	298	20000	152.9474098
728	298	20000	156.0325115
8643	298	20000	138.6984811
9463	298	20000	116.7443502
9941	298	20000	154.3246468
10045	298	20000	17.02565409
10052	298	20000	141.1763801
10058	298	20000	150.9519064
11127	298	20000	149.3174987
11396	298	20000	154.859517
115	298	20000	110.7004624
11619	298	20000	143.5630486
1198	298	20000	89.7037942
1827	298	20000	20.59908522
2661	298	20000	139.5921413
283	298	20000	59.70565085
3307	298	20000	135.2836686
3461	298	20000	144.5461215
3760	298	20000	146.0035374
4475	298	20000	131.1147629
5034	298	20000	128.8094631
6463	298	20000	107.2189206
65	298	20000	122.7018683
655	298	20000	142.754915
7036	298	20000	6.224584836
7477	298	20000	39.71434473
8128	298	20000	151.0553081
9206	298	20000	42.83736557
9452	298	20000	115.2595226
1061	298	20000	97.39280561
11042	298	20000	107.9503548
11395	298	20000	154.6246991
12250	298	20000	
12687	298	20000	108.0780397
1805	298	20000	
2112	298	20000	35.28917989
2125	298	20000	147.0579016
3330	298	20000	115.4382246
4055	298	20000	0
4115	298	20000	76.69203644
4422	298	20000	142.7152621
4674	298	20000	119.1691317
6006	298	20000	138.1718417
6116	298	20000	146.553049
6303	298	20000	92.59029515
6316	298	20000	148.0433409
6325	298	20000	130.7779001
6439	298	20000	53.77392283
7275	298	20000	148.0393598
7616	298	20000	147.4217702
8168	298	20000	150.4201318
8262	298	20000	150.6400958
993	298	20000	151.4351116
10149	298	20000	85.86242516
1139	298	20000	98.30451526
11465	298	20000	148.6570603
11711	298	20000	148.0456434
11733	298	20000	132.5113846
12189	298	20000	
12374	298	20000	
12380	298	20000	43.94319051
1317	298	20000	137.353134
13456	298	20000	153.5387852
1865	298	20000	23.48774148
2514	298	20000	142.2034388
2781	298	20000	117.7052856
3650	298	20000	136.2375394
4080	298	20000	98.5443616
4548	298	20000	152.0376758
4923	298	20000	120.303801
5221	298	20000	149.9684765
7612	298	20000	146.0753967
771	298	20000	69.02768147
8466	298	20000	142.7085243
9292	298	20000	46.21716693
9619	298	20000	
11105	298	20000	49.51112378
12589	298	20000	151.6739348
12666	298	20000	144.1314336
12750	298	20000	143.7157986
1836	298	20000	145.040526
1918	298	20000	10.7622502
293	298	20000	59.64768521
3655	298	20000	56.70791519
3841	298	20000	135.2057206
3927	298	20000	132.7199894
4157	298	20000	54.70640612
5250	298	20000	128.0103776
5579	298	20000	130.7761926
5631	298	20000	132.8794434
5777	298	20000	108.1580474
6244	298	20000	155.1404489
6404	298	20000	44.60571623
7088	298	20000	151.9174155
7269	298	20000	150.112765
7450	298	20000	151.040828
8456	298	20000	
8915	298	20000	94.56472757
9416	298	20000	142.7670236
9686	298	20000	152.2658305
10150	298	20000	129.4359867
11016	298	20000	146.9213393
11674	298	20000	151.6210168
1409	298	20000	119.1039761
1775	298	20000	12.70364101
2937	298	20000	131.4893434
3406	298	20000	
3749	298	20000	139.8588605
4376	298	20000	
4484	298	20000	137.3993184
5868	298	20000	91.13946047
5871	298	20000	88.81178424
6158	298	20000	139.3564664
6174	298	20000	151.4046794
6314	298	20000	127.4471278
7274	298	20000	150.2747568
7302	298	20000	147.26367
7482	298	20000	8.331440202
8250	298	20000	143.2952505
83	298	20000	132.5513439
8623	298	20000	107.5580012
8665	298	20000	
8812	298	20000	126.3384238
9169	298	20000	113.3417916
11479	298	20000	151.4118906
164	298	20000	119.4437311
3476	298	20000	
3863	298	20000	
4057	298	20000	0
4072	298	20000	80.12177055
4964	298	20000	137.8496356
4975	298	20000	148.7196748
5049	298	20000	134.7878102
5173	298	20000	148.365597
5576	298	20000	20.79625919
614	298	20000	146.150854
699	298	20000	5.520068839
7228	298	20000	149.7285025
7465	298	20000	145.8475155
7515	298	20000	149.6548179
767	298	20000	146.2632675
7845	298	20000	9.643503068
7997	298	20000	135.9574884
8744	298	20000	
8851	298	20000	146.0534858
8934	298	20000	137.4278402
9125	298	20000	87.17702485
1105	298	20000	136.1010811
1191	298	20000	86.41256858
12581	298	20000	146.1697111
2813	298	20000	85.74630375
3602	298	20000	138.2775268
3954	298	20000	116.2521602
4256	298	20000	143.7483508
4410	298	20000	153.7704004
4588	298	20000	152.3085961
5110	298	20000	142.6548552
5117	298	20000	76.37767797
5359	298	20000	149.8390283
5817	298	20000	147.1101049
5887	298	20000	121.9134958
7236	298	20000	121.7435561
7622	298	20000	147.9131195
7634	298	20000	97.63841498
7715	298	20000	151.2340506
8130	298	20000	151.2704944
8863	298	20000	150.4090572
9036	298	20000	141.5932594
9528	298	20000	57.52931836
9651	298	20000	139.2116013
969	298	20000	142.4927696
10009	298	20000	145.1915921
10983	298	20000	146.3442928
11051	298	20000	138.5969611
11063	298	20000	143.9864038
12277	298	20000	
12568	298	20000	144.2887945
12917	298	20000	73.15409619
12987	298	20000	140.6683881
13269	298	20000	95.23808133
1940	298	20000	149.4525529
1989	298	20000	144.9050498
2368	298	20000	101.9060691
2758	298	20000	147.8771852
2771	298	20000	72.68031091
3145	298	20000	143.1279246
4150	298	20000	0
6850	298	20000	149.326203
6996	298	20000	154.6118376
7166	298	20000	89.06415703
7336	298	20000	156.0460467
9029	298	20000	125.008034
9040	298	20000	140.6821749
9395	298	20000	114.5374589
9863	298	20000	144.3559052
11005	298	20000	151.8013464
11066	298	20000	128.3891505
12361	298	20000	149.3019903
12373	298	20000	
12701	298	20000	138.0051647
2321	298	20000	153.4538238
2522	298	20000	146.2397163
3394	298	20000	129.9515807
3468	298	20000	
4395	298	20000	148.1639536
4653	298	20000	131.8219953
5031	298	20000	112.0449251
5237	298	20000	153.45973
5882	298	20000	116.8992759
5927	298	20000	127.5899257
6416	298	20000	142.4004827
671	298	20000	139.4147948
7346	298	20000	142.0768338
8618	298	20000	
8620	298	20000	111.8715062
9157	298	20000	142.8174579
9448	298	20000	138.234481
9694	298	20000	155.1511739
9839	298	20000	153.0889407
10033	298	20000	18.45302536
1114	298	20000	145.3740048
11334	298	20000	149.85225
11511	298	20000	150.3404903
12307	298	20000	135.2112577
12618	298	20000	146.9005193
13380	298	20000	148.6607613
13446	298	20000	151.6944179
1934	298	20000	148.9263125
2265	298	20000	143.9632165
2585	298	20000	81.93622776
2776	298	20000	116.8242759
3520	298	20000	138.992165
4158	298	20000	68.59431806
4699	298	20000	134.6115888
5290	298	20000	127.9903927
5559	298	20000	149.358071
6370	298	20000	139.2860676
694	298	20000	41.98823643
7774	298	20000	131.5675289
7916	298	20000	92.99942807
86	298	20000	136.2995087
8779	298	20000	139.7862531
9293	298	20000	62.31828025
10291	298	20000	138.5159861
1077	298	20000	141.7875272
11296	298	20000	57.66524291
12923	298	20000	62.34715124
13127	298	20000	131.644758
1400	298	20000	98.60874736
1762	298	20000	11.0948204
2402	298	20000	37.71000216
2783	298	20000	123.0412967
3123	298	20000	128.6817242
3290	298	20000	146.4361619
3960	298	20000	
4183	298	20000	126.3406961
4839	298	20000	150.0010508
4943	298	20000	150.4670253
5474	298	20000	151.5312006
6092	298	20000	152.7592252
6122	298	20000	136.7683899
7077	298	20000	150.6902849
7459	298	20000	154.4029799
8957	298	20000	149.4877636
9044	298	20000	145.9644736
9445	298	20000	127.6914943
9982	298	20000	152.2483032
1044	298	20000	137.3476534
12305	298	20000	138.7721969
1249	298	20000	148.175267
12892	298	20000	145.3420053
13030	298	20000	140.4491547
133	298	20000	132.7684903
1334	298	20000	126.1711916
13444	298	20000	150.7584984
167	298	20000	121.787851
2293	298	20000	137.9031326
2643	298	20000	129.3026444
2752	298	20000	143.7294112
3495	298	20000	108.8925561
4142	298	20000	127.9466043
4732	298	20000	149.6511817
4818	298	20000	142.4803288
5782	298	20000	122.7826414
659	298	20000	144.4576832
732	298	20000	66.65211018
7669	298	20000	150.4455819
8048	298	20000	
8350	298	20000	151.0071376
9405	298	20000	138.1512788
9727	298	20000	149.4899359
11184	298	20000	151.6539361
1155	298	20000	133.4533875
13133	298	20000	143.551801
136	298	20000	0
1789	298	20000	145.0431251
2239	298	20000	151.5483385
2296	298	20000	12.08113599
2513	298	20000	141.8833361
3100	298	20000	86.32592365
323	298	20000	136.6810131
3785	298	20000	
3893	298	20000	139.3569961
4160	298	20000	87.52395639
4210	298	20000	150.8875029
4327	298	20000	151.0477432
4688	298	20000	140.748654
5828	298	20000	96.42095531
6247	298	20000	18.24161199
7013	298	20000	138.3617702
749	298	20000	6.464917946
7602	298	20000	141.6166175
8069	298	20000	146.4936494
9582	298	20000	122.9990122
9712	298	20000	14.68472884
1	298	20000	98.19541385
10304	298	20000	140.2438142
11096	298	20000	151.7325664
13305	298	20000	151.0999381
1358	298	20000	125.5607908
2905	298	20000	151.4385118
3061	298	20000	99.94063569
3062	298	20000	127.4708699
3690	298	20000	135.4335321
3980	298	20000	60.62876087
4019	298	20000	0
4163	298	20000	96.20118844
4456	298	20000	147.3260781
4486	298	20000	143.0949426
5977	298	20000	110.9179162
610	298	20000	137.5610795
6105	298	20000	135.584069
6124	298	20000	151.8223386
7631	298	20000	113.1500465
789	298	20000	149.9059009
8489	298	20000	142.5762065
8722	298	20000	129.6672384
8941	298	20000	144.8988345
9917	298	20000	139.0633968
1004	298	20000	137.2451847
10225	298	20000	15.76245723
1062	298	20000	140.7852875
11178	298	20000	149.3070751
12302	298	20000	7.871086429
12824	298	20000	71.78722835
13326	298	20000	144.7824502
1751	298	20000	151.5136629
2067	298	20000	22.59716453
2660	298	20000	138.3525645
3114	298	20000	114.2976388
3709	298	20000	
4840	298	20000	152.5563721
5725	298	20000	109.9873906
6074	298	20000	130.2158224
6143	298	20000	
6321	298	20000	149.6144073
6384	298	20000	151.0296397
7172	298	20000	144.6984306
8423	298	20000	49.77620969
8509	298	20000	151.1907065
9052	298	20000	147.5638321
9313	298	20000	131.6354136
9856	298	20000	46.62593822
10342	298	20000	47.78933619
11206	298	20000	133.0930207
121	298	20000	63.04836329
12757	298	20000	148.6231131
12810	298	20000	146.9562669
1392	298	20000	102.3510667
1982	298	20000	147.4355633
2037	298	20000	126.7153331
2149	298	20000	153.9371412
269	298	20000	0
3808	298	20000	
3946	298	20000	
4004	298	20000	138.7960096
4235	298	20000	36.88916792
4849	298	20000	153.3690846
4880	298	20000	146.7367492
4932	298	20000	144.8181245
5874	298	20000	53.68131149
6340	298	20000	153.9014359
6522	298	20000	135.3369959
7931	298	20000	137.6690343
8816	298	20000	128.3464063
9547	298	20000	142.0824119
9715	298	20000	25.08464982
10274	298	20000	30.93766059
11097	298	20000	150.924977
11503	298	20000	143.5072958
11746	298	20000	145.2120258
11823	298	20000	68.28386997
12397	298	20000	7.850778812
12605	298	20000	138.4703952
12631	298	20000	149.1948098
1985	298	20000	133.2142229
2090	298	20000	152.0448191
2302	298	20000	139.3136099
2438	298	20000	148.3780334
2630	298	20000	99.75149641
288	298	20000	90.74245413
2919	298	20000	119.9331146
3199	298	20000	85.27557418
4695	298	20000	97.77868855
4985	298	20000	118.4963322
5206	298	20000	141.0640457
5353	298	20000	145.4249902
8836	298	20000	135.9576555
888	298	20000	96.97143042
9148	298	20000	128.629485
9811	298	20000	27.57554041
10222	298	20000	32.74886245
1085	298	20000	90.27855452
12320	298	20000	141.7320546
13007	298	20000	148.7604407
13107	298	20000	70.95632838
13405	298	20000	77.82028544
2382	298	20000	119.6017813
3444	298	20000	125.7840533
3545	298	20000	101.1666564
3891	298	20000	138.6743071
4325	298	20000	151.785982
4677	298	20000	144.5173861
4733	298	20000	122.4487337
5085	298	20000	152.9863393
5287	298	20000	15.72393569
5422	298	20000	148.7333758
5614	298	20000	151.37675
5646	298	20000	80.08886636
6223	298	20000	151.6751947
7798	298	20000	151.5138775
8009	298	20000	145.3632728
8344	298	20000	149.0488282
8365	298	20000	153.4300149
9802	298	20000	153.713494
11437	298	20000	151.622721
12991	298	20000	146.4995053
13097	298	20000	148.0686146
1384	298	20000	144.056671
144	298	20000	59.43908283
1772	298	20000	4.85589142
2807	298	20000	143.0309764
3241	298	20000	145.4119201
3512	298	20000	136.9676031
3968	298	20000	119.8283078
4028	298	20000	74.35276934
4077	298	20000	97.2993026
4609	298	20000	
5326	298	20000	151.2999613
5491	298	20000	135.0096855
5890	298	20000	126.7167978
5980	298	20000	112.9587164
6065	298	20000	137.0468894
6085	298	20000	134.445753
7296	298	20000	133.8467708
8994	298	20000	137.7926087
9059	298	20000	149.6532881
9431	298	20000	149.2255575
999	298	20000	112.6973358
11405	298	20000	125.9395713
12224	298	20000	131.0859873
12880	298	20000	123.6441565
12992	298	20000	126.5924053
13020	298	20000	103.8047197
13060	298	20000	69.16599557
13216	298	20000	137.7104471
1335	298	20000	86.40476173
1806	298	20000	
2053	298	20000	151.8090505
264	298	20000	32.37996231
3640	298	20000	131.7812491
4041	298	20000	109.5076933
4237	298	20000	29.47965383
4702	298	20000	121.6187592
5004	298	20000	95.82734147
5524	298	20000	152.3962879
5862	298	20000	139.8261378
6128	298	20000	151.4275163
6880	298	20000	145.5259247
8185	298	20000	
8717	298	20000	124.3292276
9133	298	20000	146.2202395
9454	298	20000	143.2884844
10169	298	20000	37.6351614
102	298	20000	58.34988114
12292	298	20000	56.5772067
1238	298	20000	109.0316649
12894	298	20000	143.6175831
13241	298	20000	148.5474292
2165	298	20000	140.9650825
2277	298	20000	151.6272848
2669	298	20000	88.3524264
3083	298	20000	138.0272947
3777	298	20000	104.0002369
4167	298	20000	118.4575279
6175	298	20000	152.2521325
6859	298	20000	150.515222
6869	298	20000	119.3349116
6929	298	20000	146.1840463
6980	298	20000	130.6992286
7155	298	20000	0
7791	298	20000	147.7596788
8580	298	20000	119.104322
8932	298	20000	143.4003596
9121	298	20000	91.32266982
9646	298	20000	137.3073763
9719	298	20000	15.76269501
10200	298	20000	143.3037528
10265	298	20000	31.3470533
10303	298	20000	33.67208343
10966	298	20000	152.6639065
13106	298	20000	76.69015161
13217	298	20000	141.1200927
2152	298	20000	154.628495
2290	298	20000	152.540952
2859	298	20000	103.8997548
3554	298	20000	126.7830508
3961	298	20000	
4457	298	20000	150.3806343
4530	298	20000	139.9738746
4802	298	20000	149.3610636
5451	298	20000	122.5933093
566	298	20000	142.0439501
5695	298	20000	137.7155883
604	298	20000	8.394186463
7315	298	20000	153.0799203
8653	298	20000	140.7779661
9090	298	20000	97.90290602
9092	298	20000	138.1936018
91	298	20000	82.34210868
956	298	20000	122.7003582
10313	298	20000	26.31584539
11194	298	20000	152.2030667
11567	298	20000	146.4725611
11671	298	20000	151.7788541
12904	298	20000	150.7810091
1447	298	20000	113.8939842
1759	298	20000	
2407	298	20000	131.6101136
2582	298	20000	148.2044155
2782	298	20000	125.9583628
2868	298	20000	125.0791038
3353	298	20000	107.9690906
4621	298	20000	140.0287696
4826	298	20000	131.5569822
4866	298	20000	60.04065213
4970	298	20000	125.2239578
5258	298	20000	145.4242012
5580	298	20000	130.8862324
573	298	20000	149.1186885
6459	298	20000	145.148921
692	298	20000	56.87555101
7245	298	20000	123.2469134
7713	298	20000	150.5462177
8416	298	20000	153.8026975
10310	298	20000	30.67630205
11461	298	20000	148.0180745
11654	298	20000	116.7433856
12639	298	20000	126.3861317
12948	298	20000	145.594783
1851	298	20000	144.8347413
2898	298	20000	121.4540561
3125	298	20000	125.3115242
3393	298	20000	99.47225752
3627	298	20000	103.5186972
5362	298	20000	149.2896483
5383	298	20000	9.280498789
5908	298	20000	136.1466306
6084	298	20000	151.3026265
7159	298	20000	113.9610542
7240	298	20000	153.6819766
8000	298	20000	137.883478
8032	298	20000	149.2240597
8296	298	20000	149.1017671
8455	298	20000	140.1963017
8660	298	20000	
9478	298	20000	
9511	298	20000	113.8881575
9702	298	20000	40.7445286
103	298	20000	73.0585371
11577	298	20000	150.9919506
11613	298	20000	145.8064572
12705	298	20000	141.6707014
12929	298	20000	132.8221301
13204	298	20000	64.93394801
1439	298	20000	143.7182423
1720	298	20000	150.9227674
1915	298	20000	10.08961332
2036	298	20000	148.465127
2344	298	20000	10.3167535
2897	298	20000	147.0109541
2984	298	20000	142.8822661
3668	298	20000	144.5808524
4233	298	20000	18.77630514
5372	298	20000	150.9893761
5406	298	20000	92.49125084
5519	298	20000	151.6679862
6014	298	20000	54.70390751
6252	298	20000	141.6676869
6970	298	20000	140.6754215
8845	298	20000	113.1156681
9516	298	20000	147.4989797
9814	298	20000	132.5349198
10005	298	20000	119.2363001
10165	298	20000	39.58654378
10269	298	20000	26.93883928
11659	298	20000	148.5145448
1231	298	20000	116.0957861
1247	298	20000	138.8004848
12627	298	20000	149.6267428
1266	298	20000	132.7811575
1769	298	20000	24.5853921
2459	298	20000	143.7543609
2540	298	20000	151.6714435
3335	298	20000	144.4692616
3721	298	20000	
3822	298	20000	130.1341324
4490	298	20000	117.416073
4544	298	20000	150.6256664
5386	298	20000	103.6946892
5837	298	20000	125.7297033
6111	298	20000	119.455686
6536	298	20000	124.8930295
7187	298	20000	149.6235581
7912	298	20000	139.3566336
9618	298	20000	130.3608822
9688	298	20000	153.3095126
11137	298	20000	127.5993061
11311	298	20000	133.5096482
11564	298	20000	147.1555251
11685	298	20000	137.0436271
12207	298	20000	125.1637041
12400	298	20000	143.3242925
12554	298	20000	125.1164082
12622	298	20000	147.5376984
1284	298	20000	88.25394076
149	298	20000	104.8326252
1742	298	20000	136.0922999
198	298	20000	108.4516886
2203	298	20000	154.467976
3155	298	20000	90.30850681
3762	298	20000	100.1011312
3813	298	20000	44.41261888
5156	298	20000	128.9034467
5293	298	20000	130.3722312
5338	298	20000	130.8507912
5546	298	20000	145.9805198
5656	298	20000	124.9827102
582	298	20000	152.7497258
6868	298	20000	110.8824298
7320	298	20000	154.200329
11571	298	20000	137.3825194
11614	298	20000	147.3957238
12285	298	20000	
1912	298	20000	39.75018143
2451	298	20000	117.3702411
2508	298	20000	137.5982397
2546	298	20000	123.0494065
3141	298	20000	137.8834438
4145	298	20000	133.38482
4297	298	20000	132.8375048
4582	298	20000	149.8384635
4628	298	20000	117.5287769
4810	298	20000	130.8404655
5101	298	20000	136.1543984
5346	298	20000	69.7185418
7024	298	20000	150.3816484
7073	298	20000	148.9531328
756	298	20000	143.5569995
7945	298	20000	136.2296876
8209	298	20000	152.4159006
8465	298	20000	63.67984096
9488	298	20000	119.6917875
9744	298	20000	151.6570964
1095	298	20000	119.980155
11138	298	20000	150.1492696
11745	298	20000	143.171647
12404	298	20000	145.3191126
12822	298	20000	125.9324801
1302	298	20000	80.1465981
13436	298	20000	148.9285836
16	298	20000	134.8049804
2907	298	20000	113.8431101
3848	298	20000	136.8280148
4489	298	20000	144.3962278
4714	298	20000	138.5881725
5954	298	20000	138.0142076
6428	298	20000	147.9705356
669	298	20000	153.3068941
7016	298	20000	138.9124321
7037	298	20000	153.258353
7439	298	20000	145.3212828
7888	298	20000	123.973618
7897	298	20000	130.292421
8284	298	20000	124.1807327
8498	298	20000	148.9366614
8638	298	20000	136.6352113
946	298	20000	82.95398284
10034	298	20000	154.6815887
10385	298	20000	43.98912983
11029	298	20000	129.8977186
11449	298	20000	128.2579121
11534	298	20000	51.76209552
1383	298	20000	143.5429378
1699	298	20000	143.7065661
180	298	20000	132.9096949
2478	298	20000	149.7539204
3064	298	20000	127.669836
3070	298	20000	134.2565337
3086	298	20000	138.64078
3718	298	20000	
3722	298	20000	
3804	298	20000	
3978	298	20000	116.0713967
5241	298	20000	154.6589682
5502	298	20000	146.358957
5585	298	20000	136.2154876
6529	298	20000	24.74294999
7376	298	20000	155.090595
8162	298	20000	138.4977034
8714	298	20000	
9302	298	20000	113.4157875
10041	298	20000	12.47496588
10063	298	20000	153.6785353
1016	298	20000	147.2934252
10191	298	20000	128.7856152
11607	298	20000	144.0158766
1931	298	20000	148.4040737
1947	298	20000	138.7055316
2135	298	20000	153.6763085
2252	298	20000	23.03605945
3166	298	20000	129.9764609
3270	298	20000	135.2099054
3779	298	20000	131.4779903
4804	298	20000	153.9977212
5907	298	20000	135.298229
6129	298	20000	149.6833722
6508	298	20000	149.5939774
7152	298	20000	107.991275
7198	298	20000	94.52960388
7518	298	20000	152.3989657
8099	298	20000	
8666	298	20000	
9080	298	20000	67.06094539
9201	298	20000	125.3030904
967	298	20000	139.1921343
11398	298	20000	138.7195385
11634	298	20000	65.25173946
11703	298	20000	146.8608586
12645	298	20000	21.97707735
12852	298	20000	144.2142026
12859	298	20000	117.8219956
1783	298	20000	4.92997524
1881	298	20000	7.370669542
1950	298	20000	153.9484383
2733	298	20000	133.1608927
3563	298	20000	130.9820821
3685	298	20000	123.3408753
3741	298	20000	132.5174431
4083	298	20000	61.1798532
4404	298	20000	152.9808627
5816	298	20000	145.9685321
5867	298	20000	89.58673314
6832	298	20000	140.0687144
6991	298	20000	136.9994654
7412	298	20000	153.2355478
7467	298	20000	153.3443229
7514	298	20000	152.4491797
9321	298	20000	120.1251079
9873	298	20000	151.4634937
11166	298	20000	140.334177
11363	298	20000	144.6323609
1137	298	20000	99.74171902
11518	298	20000	20.56049915
13391	298	20000	150.3415289
189	298	20000	48.84767476
2219	298	20000	143.1527799
2943	298	20000	141.7563064
3018	298	20000	139.2425949
3049	298	20000	151.6944356
3995	298	20000	124.776308
4038	298	20000	94.0459713
5039	298	20000	152.8005848
5215	298	20000	148.5895582
6337	298	20000	151.4360625
6423	298	20000	146.6612302
7022	298	20000	147.3446787
7411	298	20000	152.9836189
7429	298	20000	154.6030158
7720	298	20000	153.061478
7984	298	20000	128.3088764
8246	298	20000	140.5028585
8862	298	20000	148.2240223
9603	298	20000	145.8155441
10099	298	20000	145.074204
10245	298	20000	107.5238568
10275	298	20000	23.89081403
1083	298	20000	95.4000985
11219	298	20000	145.1791494
1717	298	20000	153.2925268
1864	298	20000	
2106	298	20000	153.9823521
2247	298	20000	153.1021187
2588	298	20000	69.86948464
321	298	20000	130.9118593
3877	298	20000	116.053399
4455	298	20000	125.7421371
4741	298	20000	136.3338574
5298	298	20000	133.4998518
5323	298	20000	151.0360834
7251	298	20000	88.75917546
7298	298	20000	122.5589148
7719	298	20000	13.43834522
7829	298	20000	146.5400149
7926	298	20000	125.0666953
8239	298	20000	141.392462
8243	298	20000	128.0990765
879	298	20000	123.3256361
11169	298	20000	141.4543879
11234	298	20000	150.7407433
1136	298	20000	102.3967952
11729	298	20000	153.0911219
1221	298	20000	145.7288427
3786	298	20000	
4405	298	20000	153.3478753
4442	298	20000	143.6107229
4897	298	20000	150.0592211
5649	298	20000	143.6560678
5796	298	20000	134.6547623
6081	298	20000	149.5748215
7347	298	20000	126.7114642
7627	298	20000	152.2989644
783	298	20000	9.208920002
7841	298	20000	152.6421324
7857	298	20000	154.1388049
7877	298	20000	100.7315882
8043	298	20000	152.2397431
8470	298	20000	46.24570598
8892	298	20000	137.287315
8972	298	20000	126.3560309
9018	298	20000	112.6465242
9380	298	20000	146.1247883
1087	298	20000	81.43036749
11216	298	20000	142.2211645
11455	298	20000	139.3106111
12227	298	20000	
12262	298	20000	138.8483784
12801	298	20000	142.7395744
13023	298	20000	130.308746
1375	298	20000	137.8482324
2071	298	20000	129.6006372
2809	298	20000	145.747646
3032	298	20000	146.108706
3120	298	20000	125.7241287
3880	298	20000	130.8718553
4722	298	20000	69.80585104
5080	298	20000	152.573913
5785	298	20000	126.833283
6469	298	20000	148.1579668
6852	298	20000	149.5453077
7759	298	20000	151.7533861
8107	298	20000	140.7975106
8326	298	20000	112.1193599
9144	298	20000	145.7648305
9521	298	20000	148.192989
9583	298	20000	120.841855
10360	298	20000	18.5824762
10987	298	20000	104.7179651
11347	298	20000	154.2162866
12269	298	20000	149.2536387
12756	298	20000	147.4331158
12798	298	20000	138.8183773
33	298	20000	102.9041019
3949	298	20000	
4295	298	20000	129.3271445
4843	298	20000	12.03201641
5012	298	20000	140.1540207
5077	298	20000	136.7872394
5490	298	20000	127.0180067
5988	298	20000	123.1218482
6087	298	20000	148.5468769
6506	298	20000	148.3694519
7185	298	20000	147.9396682
7635	298	20000	97.53826666
8676	298	20000	127.9323578
8801	298	20000	
9130	298	20000	135.7007654
9166	298	20000	145.8879411
963	298	20000	140.604069
9973	298	20000	151.9493659
12383	298	20000	
12579	298	20000	145.4447978
12696	298	20000	130.6451083
12700	298	20000	139.6137521
12775	298	20000	69.82284011
12860	298	20000	147.6470884
12907	298	20000	132.5122645
12997	298	20000	148.2185423
1848	298	20000	153.958862
3099	298	20000	39.66016224
3379	298	20000	133.813119
3486	298	20000	122.3023914
4667	298	20000	94.57310388
5251	298	20000	129.579009
6078	298	20000	150.0573239
6328	298	20000	151.1376667
6408	298	20000	139.3376941
7663	298	20000	149.4984671
8016	298	20000	91.49479267
8496	298	20000	147.9021121
8819	298	20000	91.1432987
9192	298	20000	45.02362159
9455	298	20000	142.5578375
9595	298	20000	144.9821623
11360	298	20000	143.6355217
11551	298	20000	134.7008448
13046	298	20000	150.8804384
13148	298	20000	149.9904596
13298	298	20000	150.2881552
1924	298	20000	5.906981871
2188	298	20000	127.1455086
2233	298	20000	150.0848285
2475	298	20000	144.7091818
2533	298	20000	147.1016686
3124	298	20000	135.3764192
3168	298	20000	131.1149509
3208	298	20000	127.9851185
5275	298	20000	150.8973349
6194	298	20000	153.575138
621	298	20000	152.3090835
713	298	20000	152.9020374
7140	298	20000	150.3018168
7684	298	20000	122.8883911
8599	298	20000	113.2139167
8879	298	20000	125.9259188
9083	298	20000	119.4366791
9736	298	20000	148.6556952
978	298	20000	143.18227
11290	298	20000	152.9468827
12303	298	20000	137.8512462
12806	298	20000	146.0266802
13003	298	20000	128.7201795
1817	298	20000	27.91834895
219	298	20000	126.4044864
2292	298	20000	153.7767248
2539	298	20000	151.2629057
4250	298	20000	145.2259239
4961	298	20000	73.40141824
5396	298	20000	127.0486057
5437	298	20000	67.08974563
5557	298	20000	150.2478562
5697	298	20000	137.984203
5779	298	20000	113.0256025
5943	298	20000	135.7418599
6451	298	20000	141.6071637
6477	298	20000	149.7036738
686	298	20000	61.73360042
7486	298	20000	144.6410989
7624	298	20000	150.9052574
7975	298	20000	121.9670775
9017	298	20000	119.4736452
9919	298	20000	142.1718935
11220	298	20000	145.9364047
11353	298	20000	111.7931525
11513	298	20000	148.2185512
11650	298	20000	146.5069051
12751	298	20000	148.1634217
12891	298	20000	141.3326884
1958	298	20000	146.4075291
308	298	20000	119.9930494
3403	298	20000	
3781	298	20000	134.8212966
5498	298	20000	147.2627318
5775	298	20000	82.13597998
594	298	20000	155.0818693
6349	298	20000	127.5765844
7091	298	20000	152.1967922
7337	298	20000	40.02894888
7507	298	20000	151.4232408
773	298	20000	63.76676319
8310	298	20000	153.1274802
8514	298	20000	130.019175
9145	298	20000	143.6954741
9812	298	20000	28.49217133
9830	298	20000	138.1065507
9966	298	20000	146.9453204
10027	298	20000	141.5987675
10082	298	20000	54.68274011
11389	298	20000	150.8734076
1173	298	20000	145.7579121
12314	298	20000	150.0462309
12561	298	20000	134.6804888
1283	298	20000	94.60279346
1935	298	20000	149.4602172
2329	298	20000	153.5621969
2373	298	20000	104.1837331
2511	298	20000	139.3923142
282	298	20000	50.96340145
2880	298	20000	140.4387977
2947	298	20000	141.2658613
3887	298	20000	137.4657889
5772	298	20000	79.3068598
7216	298	20000	145.0660685
7317	298	20000	150.3706792
818	298	20000	141.2636785
8790	298	20000	
884	298	20000	100.4704923
8935	298	20000	143.5901511
9797	298	20000	150.6872758
9944	298	20000	154.0512391
10192	298	20000	125.3712619
11015	298	20000	146.3470876
11168	298	20000	143.3934696
11516	298	20000	151.2476703
11646	298	20000	138.3158862
11690	298	20000	130.4582448
11791	298	20000	144.2491548
12201	298	20000	3.9260486
12745	298	20000	137.7095059
13137	298	20000	146.2979613
1388	298	20000	122.141477
1974	298	20000	17.70324422
2477	298	20000	148.7571524
2709	298	20000	141.0972269
3243	298	20000	99.41150552
4333	298	20000	30.48463678
4827	298	20000	150.0458877
5051	298	20000	135.7128149
5508	298	20000	148.2559938
5688	298	20000	128.969345
6221	298	20000	150.900117
6431	298	20000	150.3391307
7748	298	20000	149.8501334
8991	298	20000	100.4421177
10273	298	20000	16.54015613
10288	298	20000	137.2747016
11251	298	20000	30.0924943
12638	298	20000	69.14517379
13082	298	20000	140.233199
13490	298	20000	145.0043325
1914	298	20000	15.55494779
2812	298	20000	56.20060362
3147	298	20000	79.38790207
3250	298	20000	93.58755911
3665	298	20000	143.5496963
5398	298	20000	136.8068385
5429	298	20000	151.149252
5594	298	20000	146.0651319
5842	298	20000	125.4992388
6150	298	20000	16.25804318
642	298	20000	10.46771227
7509	298	20000	151.7670149
7666	298	20000	149.8616503
7803	298	20000	149.0474279
8026	298	20000	149.0087593
8429	298	20000	137.7789613
909	298	20000	124.3041402
9666	298	20000	103.9833179
10054	298	20000	147.4410149
1025	298	20000	149.8960085
10347	298	20000	40.02039889
1107	298	20000	140.0295643
11119	298	20000	133.1220197
11482	298	20000	152.7066276
127	298	20000	0
13422	298	20000	140.5312673
3184	298	20000	137.1748768
4440	298	20000	135.2178006
5057	298	20000	137.8915687
5314	298	20000	148.9201146
5843	298	20000	130.6287605
5928	298	20000	120.0615759
7508	298	20000	151.5752178
759	298	20000	152.9317653
8090	298	20000	152.6849059
8716	298	20000	119.6437697
8721	298	20000	118.0447064
8737	298	20000	
8904	298	20000	105.4314406
940	298	20000	90.30425268
9469	298	20000	147.5383298
9508	298	20000	145.9173946
1088	298	20000	85.26190835
11725	298	20000	151.363999
1348	298	20000	81.36154148
1956	298	20000	154.0607025
2143	298	20000	153.4666249
2172	298	20000	136.0012818
2264	298	20000	142.652497
2826	298	20000	123.2494507
3229	298	20000	141.1740073
4022	298	20000	87.3944876
4262	298	20000	147.7353471
4786	298	20000	130.7365221
4945	298	20000	151.44189
6173	298	20000	150.7064976
6234	298	20000	
7107	298	20000	136.407019
7378	298	20000	155.3466506
8276	298	20000	152.9594295
8438	298	20000	147.5695478
8739	298	20000	
9016	298	20000	123.1025948
9291	298	20000	37.85472904
9580	298	20000	115.247141
9877	298	20000	153.6788677
10219	298	20000	132.8865144
10307	298	20000	32.45673097
11076	298	20000	143.144773
11141	298	20000	151.7090867
11348	298	20000	154.3473036
1179	298	20000	100.4727395
13437	298	20000	148.5696885
251	298	20000	21.74311574
3303	298	20000	124.9589575
3509	298	20000	132.6973223
4104	298	20000	0
5195	298	20000	99.4002358
5225	298	20000	150.0117072
5439	298	20000	108.2903118
6004	298	20000	134.7630852
6151	298	20000	21.45029708
6201	298	20000	142.3221752
6890	298	20000	150.8437349
7440	298	20000	145.0720982
8001	298	20000	94.34709546
8426	298	20000	35.96408837
8674	298	20000	123.0618576
8950	298	20000	148.2262495
9216	298	20000	143.8829928
10248	298	20000	142.7184291
11023	298	20000	150.550938
11059	298	20000	153.0205477
11870	298	20000	151.8597347
13177	298	20000	144.3587889
1750	298	20000	149.7118665
2157	298	20000	36.96083591
218	298	20000	126.7620901
2392	298	20000	127.836129
2904	298	20000	148.4162287
3277	298	20000	141.0655248
4227	298	20000	
4341	298	20000	96.94842595
4563	298	20000	126.0092529
5100	298	20000	136.9502062
590	298	20000	152.9246993
6426	298	20000	113.3590789
7682	298	20000	119.0145695
7746	298	20000	149.6495403
7775	298	20000	134.0388015
8617	298	20000	
8891	298	20000	129.5108048
9210	298	20000	139.7572138
9898	298	20000	36.81791222
10355	298	20000	33.1613279
1124	298	20000	132.1277052
11401	298	20000	107.3491299
1230	298	20000	147.1343326
12922	298	20000	64.68189306
12994	298	20000	92.12150961
2140	298	20000	152.7562242
2745	298	20000	132.8830524
3162	298	20000	122.8282659
3705	298	20000	
4181	298	20000	116.1643986
4447	298	20000	146.828481
4728	298	20000	144.3404968
4867	298	20000	119.6180792
5593	298	20000	145.9112733
568	298	20000	145.0354308
5793	298	20000	133.0023631
7068	298	20000	144.4222919
7078	298	20000	150.9565791
7258	298	20000	145.8125379
8694	298	20000	140.6724032
8828	298	20000	130.258709
9758	298	20000	154.0544035
9780	298	20000	147.0801215
10255	298	20000	37.39215085
1170	298	20000	143.0023677
12803	298	20000	143.6368567
13359	298	20000	134.3867664
1945	298	20000	152.1533688
2100	298	20000	151.1219801
2183	298	20000	150.6931612
2305	298	20000	136.2596476
2452	298	20000	136.4035781
2995	298	20000	145.4081623
3416	298	20000	
3572	298	20000	140.934255
3832	298	20000	118.9547235
4124	298	20000	109.2949273
4766	298	20000	58.23199648
5800	298	20000	132.9881065
6360	298	20000	90.82795032
6443	298	20000	112.3920464
7282	298	20000	152.1112764
7978	298	20000	126.2829957
8320	298	20000	153.8190668
8376	298	20000	19.3274621
8802	298	20000	129.3848636
94	298	20000	77.93662712
10351	298	20000	33.62802271
12986	298	20000	140.8531569
2181	298	20000	149.630364
256	298	20000	7.463398085
2642	298	20000	123.6355431
2686	298	20000	127.9936777
2933	298	20000	136.1947104
3339	298	20000	105.7917313
4264	298	20000	149.2020742
5503	298	20000	148.0856676
5638	298	20000	129.7894605
5654	298	20000	84.48484729
5710	298	20000	142.6222551
5724	298	20000	104.8394919
5770	298	20000	76.82855125
7015	298	20000	137.3323461
8200	298	20000	149.9927748
8221	298	20000	13.50548749
8712	298	20000	
8899	298	20000	139.5946047
953	298	20000	83.28718853
9568	298	20000	147.4565084
9803	298	20000	154.3392234
9847	298	20000	18.31025874
10091	298	20000	28.88236941
1147	298	20000	132.2938472
12276	298	20000	
12882	298	20000	123.9575992
12936	298	20000	131.7857045
1295	298	20000	88.3597933
1362	298	20000	138.6354947
1962	298	20000	22.94643945
2412	298	20000	137.7452087
2571	298	20000	139.3428455
2899	298	20000	145.1204979
3024	298	20000	143.9463888
3965	298	20000	117.4369616
4056	298	20000	0
4282	298	20000	15.43461866
5128	298	20000	147.3030946
6037	298	20000	108.9273354
6527	298	20000	
6896	298	20000	151.0196541
7023	298	20000	147.6457214
7163	298	20000	134.7676663
7217	298	20000	144.2962069
7487	298	20000	146.254427
9658	298	20000	143.1695818
11343	298	20000	151.3713233
11404	298	20000	130.161702
11704	298	20000	147.8220053
12703	298	20000	142.8764504
13025	298	20000	133.6195668
2033	298	20000	143.62662
2273	298	20000	152.0445119
2378	298	20000	110.800664
2421	298	20000	143.5314344
2545	298	20000	123.1072284
3190	298	20000	143.5985449
4423	298	20000	
4812	298	20000	62.43354288
5245	298	20000	127.8312889
5592	298	20000	146.0912401
6076	298	20000	149.9076109
6365	298	20000	140.2041039
702	298	20000	145.8286281
7821	298	20000	134.8876193
8073	298	20000	148.4255516
8353	298	20000	151.3496387
8849	298	20000	144.2625289
9219	298	20000	131.4265364
9384	298	20000	147.435911
11413	298	20000	147.1108075
13117	298	20000	53.74339917
13195	298	20000	141.5521561
2209	298	20000	130.9350552
2523	298	20000	141.7285386
2548	298	20000	72.99126376
2677	298	20000	96.11451854
2816	298	20000	69.14519094
3527	298	20000	
4881	298	20000	144.350167
5368	298	20000	146.1671669
5604	298	20000	149.7587803
5878	298	20000	106.475055
6289	298	20000	154.5358021
634	298	20000	143.979224
7620	298	20000	102.5270649
7773	298	20000	132.8511889
8212	298	20000	14.95058998
868	298	20000	121.513729
9136	298	20000	55.09995503
9312	298	20000	128.4152055
9585	298	20000	106.5258421
9684	298	20000	151.34664
974	298	20000	119.9804726
10250	298	20000	49.17326835
10293	298	20000	129.0396466
11068	298	20000	126.6857913
11760	298	20000	150.7656577
12255	298	20000	137.1994858
13039	298	20000	150.0617349
2515	298	20000	143.0302998
3586	298	20000	103.4634472
3661	298	20000	143.0216206
3999	298	20000	136.5549781
4151	298	20000	1.190339421
4749	298	20000	131.4672672
5387	298	20000	100.5618374
608	298	20000	141.6712278
6292	298	20000	45.67397013
6433	298	20000	152.5785314
7018	298	20000	143.5914519
7139	298	20000	148.4922925
8427	298	20000	137.4331682
8813	298	20000	128.8933866
8928	298	20000	135.6643578
9178	298	20000	146.3103226
934	298	20000	99.33638418
9908	298	20000	13.07364328
1063	298	20000	142.4796982
11807	298	20000	150.902958
11817	298	20000	86.66855531
11853	298	20000	148.1858006
13455	298	20000	152.0559688
212	298	20000	66.43661666
2487	298	20000	150.3641039
2606	298	20000	138.4206863
2941	298	20000	141.8415106
3039	298	20000	148.7017141
4075	298	20000	84.22114691
4770	298	20000	92.84516562
5304	298	20000	143.0573553
5853	298	20000	134.2144454
5946	298	20000	133.843989
6935	298	20000	150.3586623
7050	298	20000	141.8863176
7743	298	20000	146.8100168
803	298	20000	149.818759
8063	298	20000	130.8709708
8786	298	20000	
8811	298	20000	127.936388
9135	298	20000	110.5665211
96	298	20000	0
11011	298	20000	140.9587602
11133	298	20000	147.8175876
11797	298	20000	150.1925187
1199	298	20000	116.5468578
12384	298	20000	25.07539972
12789	298	20000	76.65243011
12930	298	20000	135.1969444
13201	298	20000	63.39949543
13479	298	20000	139.9434496
2507	298	20000	138.0121713
2786	298	20000	129.1510657
4224	298	20000	
4600	298	20000	153.5168432
5082	298	20000	152.7633859
55	298	20000	106.9723569
5637	298	20000	129.70014
5744	298	20000	126.9166845
5751	298	20000	130.7230104
8987	298	20000	81.19986325
9183	298	20000	147.8743885
9308	298	20000	0.071210942
9613	298	20000	149.1521113
9799	298	20000	153.1229109
9821	298	20000	140.708609
11462	298	20000	123.7569197
12322	298	20000	
13071	298	20000	138.2221051
1811	298	20000	5.564845021
247	298	20000	121.1765679
2702	298	20000	137.4228816
3328	298	20000	141.5369187
3358	298	20000	119.6551533
3881	298	20000	131.4789272
3950	298	20000	
4034	298	20000	88.15527418
4534	298	20000	146.3869843
4636	298	20000	111.1731179
5061	298	20000	146.1222117
5095	298	20000	22.4405629
5243	298	20000	105.1124883
5417	298	20000	145.3600493
5520	298	20000	152.5966123
5780	298	20000	111.9009756
6021	298	20000	127.9998219
7896	298	20000	77.64834366
8868	298	20000	118.4800436
966	298	20000	90.03910829
9787	298	20000	151.8401159
1101	298	20000	126.6183581
11587	298	20000	41.74872082
1258	298	20000	137.4587922
12920	298	20000	68.3594696
13083	298	20000	139.0301904
13387	298	20000	124.265554
13401	298	20000	153.1082783
1449	298	20000	90.97902659
2394	298	20000	130.477009
2491	298	20000	153.1947655
2564	298	20000	130.5541032
2651	298	20000	137.5259458
304	298	20000	68.58355888
3161	298	20000	122.0345631
3311	298	20000	132.923322
4962	298	20000	90.63960552
5137	298	20000	150.4180343
5140	298	20000	152.465876
8196	298	20000	144.8197012
875	298	20000	144.6849874
8858	298	20000	146.7512266
9409	298	20000	141.3875497
9606	298	20000	147.4014785
9929	298	20000	152.1863561
1108	298	20000	139.5028145
11423	298	20000	147.8392017
11589	298	20000	121.9274299
11722	298	20000	151.4798063
13040	298	20000	132.0152291
2038	298	20000	146.0006948
2972	298	20000	105.0777304
3015	298	20000	137.1114215
3227	298	20000	136.4260134
3524	298	20000	142.5377121
3648	298	20000	132.3617841
3789	298	20000	
4641	298	20000	128.9040134
4727	298	20000	103.1039111
4832	298	20000	151.7308146
4976	298	20000	144.6258616
5746	298	20000	127.1114656
5976	298	20000	108.3089214
6318	298	20000	149.3687841
688	298	20000	5.391318638
8006	298	20000	141.9082861
8366	298	20000	
9730	298	20000	137.6919272
9824	298	20000	148.2118544
11359	298	20000	140.7452702
11385	298	20000	151.033163
12752	298	20000	128.4258129
13510	298	20000	107.7206107
1408	298	20000	121.7523306
162	298	20000	125.4789291
1756	298	20000	153.4877707
2722	298	20000	104.151026
2935	298	20000	95.24899215
3051	298	20000	121.626452
3137	298	20000	136.0919405
3591	298	20000	120.8462712
4120	298	20000	98.82842906
4919	298	20000	144.5013904
4949	298	20000	153.0546937
5699	298	20000	141.0277025
6312	298	20000	144.9335914
7462	298	20000	14.37170682
7521	298	20000	153.0576393
787	298	20000	11.047677
8823	298	20000	94.95238064
8833	298	20000	137.1121908
9772	298	20000	136.2355064
9813	298	20000	135.094772
10941	298	20000	144.9751651
11032	298	20000	152.9468434
11108	298	20000	25.97470956
11463	298	20000	148.274085
12203	298	20000	51.37979552
13022	298	20000	154.3307766
13483	298	20000	143.8722145
1846	298	20000	152.5529588
284	298	20000	37.90780223
3055	298	20000	120.6217606
3622	298	20000	
3920	298	20000	105.4504686
4317	298	20000	146.1520998
5517	298	20000	151.7703742
5760	298	20000	134.9745474
700	298	20000	8.508275363
705	298	20000	147.6177758
7391	298	20000	146.2868373
7423	298	20000	20.24660032
7729	298	20000	116.5100021
8890	298	20000	138.3978738
8907	298	20000	142.22366
9283	298	20000	143.7509304
9456	298	20000	143.6961217
11450	298	20000	131.1999989
11747	298	20000	145.1671817
11832	298	20000	139.5656386
11834	298	20000	138.7788464
125	298	20000	125.5098663
12967	298	20000	149.7971801
13002	298	20000	149.5661242
179	298	20000	132.2905756
1953	298	20000	154.4256136
1965	298	20000	44.45350619
2204	298	20000	10.51388344
2986	298	20000	144.7436987
3345	298	20000	36.76635552
5005	298	20000	48.31439177
5190	298	20000	152.342971
5564	298	20000	151.1810981
7184	298	20000	148.450016
7409	298	20000	152.7565587
7609	298	20000	99.83775222
7646	298	20000	113.9554717
784	298	20000	5.304976988
9247	298	20000	138.2159276
9392	298	20000	90.71539778
982	298	20000	146.5085883
11159	298	20000	137.7682991
11278	298	20000	13.23399063
11521	298	20000	137.6033327
12209	298	20000	127.5300793
12278	298	20000	
12690	298	20000	104.8864472
13333	298	20000	148.7840991
1746	298	20000	145.1960467
1861	298	20000	30.4313689
1976	298	20000	10.96790204
2079	298	20000	145.0449126
2932	298	20000	139.5042346
3129	298	20000	119.5921103
4326	298	20000	124.346133
4344	298	20000	140.0467704
4393	298	20000	146.0201486
5544	298	20000	142.8799554
6388	298	20000	88.21865168
6857	298	20000	151.5392373
7226	298	20000	147.8325712
7815	298	20000	12.28211233
8324	298	20000	
8383	298	20000	134.9512954
8969	298	20000	132.3993597
1127	298	20000	149.5143818
1172	298	20000	117.6372231
12692	298	20000	106.5373784
12733	298	20000	153.550204
1307	298	20000	128.7372035
1764	298	20000	
1954	298	20000	16.71197988
2006	298	20000	152.4279283
3217	298	20000	131.3988297
3940	298	20000	145.4748194
4050	298	20000	129.6647241
5187	298	20000	151.3509933
5455	298	20000	147.6004873
5630	298	20000	131.8330205
6218	298	20000	134.5791299
6378	298	20000	148.2965897
6874	298	20000	130.3272855
8082	298	20000	151.7011876
8876	298	20000	111.044967
919	298	20000	139.5180821
9203	298	20000	135.2161499
9214	298	20000	142.8403611
9346	298	20000	95.84000433
9894	298	20000	36.35564858
1042	298	20000	136.2504242
11153	298	20000	55.44557739
1189	298	20000	83.04018645
12175	298	20000	147.7562395
128	298	20000	122.5835447
13063	298	20000	65.65821514
13102	298	20000	150.4258898
13250	298	20000	67.80195101
2349	298	20000	14.60019782
2453	298	20000	134.3657321
3381	298	20000	137.4217295
3814	298	20000	
4549	298	20000	131.8984372
4903	298	20000	43.80265712
5536	298	20000	95.35107091
5708	298	20000	143.4421975
7005	298	20000	6.661359854
7171	298	20000	144.5168135
7403	298	20000	150.9955052
7516	298	20000	153.0041642
8311	298	20000	134.7864082
8707	298	20000	
9072	298	20000	126.2017415
9461	298	20000	142.7140028
11012	298	20000	143.4246236
11235	298	20000	149.3476221
11243	298	20000	153.5848123
11354	298	20000	112.0709948
11849	298	20000	145.8419305
12216	298	20000	144.5244067
12309	298	20000	124.957547
12763	298	20000	133.122277
1797	298	20000	150.3333899
2846	298	20000	139.3701475
3117	298	20000	122.8172184
4171	298	20000	121.9709975
4937	298	20000	121.3728249
5020	298	20000	149.0265748
5133	298	20000	150.3060805
5159	298	20000	141.7054885
5454	298	20000	146.9862568
6212	298	20000	145.1422826
7168	298	20000	141.5721071
7982	298	20000	126.993598
8855	298	20000	146.6151913
889	298	20000	94.57460711
9594	298	20000	141.7283357
9864	298	20000	141.1116302
10154	298	20000	138.9802729
11125	298	20000	148.9690103
1212	298	20000	140.0841892
12391	298	20000	
12871	298	20000	148.8985572
13041	298	20000	147.9795324
1453	298	20000	81.95185822
2128	298	20000	149.2635165
216	298	20000	132.8918408
232	298	20000	59.76605389
3773	298	20000	105.3155482
3845	298	20000	134.1176443
3924	298	20000	128.411901
4130	298	20000	120.6525518
4612	298	20000	41.83106026
5442	298	20000	130.7979122
5933	298	20000	127.6384007
6093	298	20000	152.2451512
6380	298	20000	146.9136709
7247	298	20000	124.0590431
738	298	20000	11.46469161
88	298	20000	142.6697123
9049	298	20000	127.2379129
9301	298	20000	99.65765966
1064	298	20000	143.4548239
11062	298	20000	139.7749908
11203	298	20000	32.61794616
11418	298	20000	148.5080872
11732	298	20000	115.2763191
1833	298	20000	7.517874008
2047	298	20000	150.9974981
2675	298	20000	71.51910806
2863	298	20000	80.75221286
2934	298	20000	139.7729722
2998	298	20000	149.061238
3135	298	20000	134.7410847
5696	298	20000	137.1930573
5720	298	20000	148.9885737
6324	298	20000	150.9674192
7212	298	20000	141.7597449
7278	298	20000	152.1850044
7589	298	20000	99.3141602
8247	298	20000	141.2564445
8374	298	20000	
882	298	20000	107.5901667
911	298	20000	127.8972139
9776	298	20000	143.411935
9899	298	20000	45.34349411
11038	298	20000	153.1691042
12812	298	20000	146.5828106
1294	298	20000	90.81078248
13176	298	20000	144.5275798
13459	298	20000	86.25729002
2301	298	20000	18.88997397
2398	298	20000	45.08017127
2461	298	20000	145.9332846
2876	298	20000	117.2347291
301	298	20000	125.9080079
3513	298	20000	130.1235129
3659	298	20000	137.682842
3853	298	20000	140.5359857
39	298	20000	143.4741778
4064	298	20000	0
6112	298	20000	139.2732618
6207	298	20000	116.4709496
7313	298	20000	151.7732029
7799	298	20000	150.0034486
8102	298	20000	54.39957296
8753	298	20000	
9117	298	20000	106.8883401
9237	298	20000	115.9866221
9896	298	20000	55.32827986
1833	298	20000	8.665922748
911	298	20000	126.7866113
11732	298	20000	155.0530608
7278	298	20000	151.2873373
8247	298	20000	141.9850099
11418	298	20000	148.0810779
2863	298	20000	79.15504601
7589	298	20000	97.20524273
11062	298	20000	140.02202
5696	298	20000	136.3975068
9776	298	20000	143.1656225
7212	298	20000	139.487622
7418	298	20000	153.2533651
609	298	20000	140.198558
7356	298	20000	150.9447853
11597	298	20000	124.5624167
3171	298	20000	134.8955915
6125	298	20000	150.4671256
9559	298	20000	112.0484138
1820	298	20000	6.299818844
4947	298	20000	134.9871265
4920	298	20000	145.3271144
7157	298	20000	109.1987821
13258	298	20000	63.18104912
13427	298	20000	143.7669576
12842	298	20000	134.7816041
13415	298	20000	145.9962227
972	298	20000	145.2306494
1098	298	20000	142.7608115
13050	298	20000	151.5909911
3631	298	20000	95.5674516
7650	298	20000	147.6552788
8481	298	20000	89.335575
13310	298	20000	88.08421216
7980	298	20000	125.9387987
6356	298	20000	137.1548134
6377	298	20000	147.227345
8181	298	20000	153.8278554
6944	298	20000	151.0838551
3420	298	20000	149.5488
13168	298	20000	130.4559692
8927	298	20000	124.7203058
1920	298	20000	24.36640894
12634	298	20000	111.2633008
9211	298	20000	140.2083052
3042	298	20000	125.5314608
131	298	20000	129.7970964
1414	298	20000	69.09169305
6181	298	20000	138.1715795
2895	298	20000	146.3391049
8371	298	20000	154.1737245
11808	298	20000	152.6990958
11006	298	20000	138.5299025
8020	298	20000	137.2869881
9734	298	20000	147.0749858
3719	298	20000	151.9898
2184	298	20000	149.1668149
1752	298	20000	152.2651862
4567	298	20000	26.75633793
9887	298	20000	155.2910004
8923	298	20000	144.8899698
878	298	20000	146.3412716
4698	298	20000	126.317862
8872	298	20000	99.11447499
724	298	20000	156.5661949
8258	298	20000	148.5951547
6858	298	20000	113.4065802
4379	298	20000	154.6496771
11209	298	20000	129.859767
5254	298	20000	141.1262642
3662	298	20000	140.8806584
2714	298	20000	146.7271543
6971	298	20000	139.9544953
9070	298	20000	62.51027468
11790	298	20000	144.5478819
9386	298	20000	150.5997784
9314	298	20000	131.234012
8900	298	20000	139.8457038
863	298	20000	135.3644468
678	298	20000	154.5619527
939	298	20000	97.86173047
9963	298	20000	144.2461408
6022	298	20000	131.6646043
3382	298	20000	138.8588986
6931	298	20000	148.6142546
11584	298	20000	152.9480555
2987	298	20000	141.4153782
744	298	20000	7.099891105
3895	298	20000	99.16563036
13185	298	20000	148.0771095
10368	298	20000	25.61915539
1263	298	20000	125.3749955
762	298	20000	152.9279913
7169	298	20000	141.5629054
12848	298	20000	112.1892317
2113	298	20000	12.31156505
6418	298	20000	144.2352113
1810	298	20000	17.14696809
12330	298	20000	111.9524913
5135	298	20000	151.4349522
5492	298	20000	137.6491303