ID	Temp	Pres	Molec_cm3overcm3
1375	298	1.00E+06	205.7584613
1930	298	1.00E+06	226.9547514
8710	298	1.00E+06	
12646	298	1.00E+06	168.2505193
2397	298	1.00E+06	92.91118793
8739	298	1.00E+06	
13473	298	1.00E+06	205.6330183
6179	298	1.00E+06	227.3510274
7406	298	1.00E+06	213.4341537
4603	298	1.00E+06	
8006	298	1.00E+06	210.6777848
8359	298	1.00E+06	207.0440828
11545	298	1.00E+06	211.7436125
11872	298	1.00E+06	148.0678466
4547	298	1.00E+06	227.0831835
10041	298	1.00E+06	116.7624806
5597	298	1.00E+06	224.8734138
7178	298	1.00E+06	219.5546058
11342	298	1.00E+06	221.9827224
7114	298	1.00E+06	172.6110674
8139	298	1.00E+06	213.2602909
13359	298	1.00E+06	208.3251066
2358	298	1.00E+06	83.24968588
9145	298	1.00E+06	215.5696913
4164	298	1.00E+06	163.3808159
7371	298	1.00E+06	222.1904378
8153	298	1.00E+06	118.4625454
12632	298	1.00E+06	209.7657441
277	298	1.00E+06	114.9382442
9861	298	1.00E+06	220.4623775
2000	298	1.00E+06	223.4420895
9687	298	1.00E+06	219.7303781
9820	298	1.00E+06	219.3719819
10339	298	1.00E+06	
11643	298	1.00E+06	185.8472168
1413	298	1.00E+06	177.9225685
12958	298	1.00E+06	212.5270942
3795	298	1.00E+06	
6861	298	1.00E+06	216.5909444
2874	298	1.00E+06	211.1333935
3612	298	1.00E+06	
705	298	1.00E+06	223.6749172
4394	298	1.00E+06	226.0655348
5219	298	1.00E+06	221.4530432
7451	298	1.00E+06	222.170398
11639	298	1.00E+06	186.6476194
8	298	1.00E+06	207.5879249
8493	298	1.00E+06	218.4628948
6009	298	1.00E+06	219.6946712
7155	298	1.00E+06	0
8472	298	1.00E+06	81.59754926
4852	298	1.00E+06	210.8604993
8646	298	1.00E+06	
9559	298	1.00E+06	183.3628991
10243	298	1.00E+06	201.0156908
13450	298	1.00E+06	215.5335764
5927	298	1.00E+06	201.8267993
13048	298	1.00E+06	211.8799463
5116	298	1.00E+06	215.7646496
7671	298	1.00E+06	220.1020211
1018	298	1.00E+06	214.7643409
3172	298	1.00E+06	215.2146075
6074	298	1.00E+06	204.760894
11373	298	1.00E+06	219.7231852
3356	298	1.00E+06	105.1320859
3408	298	1.00E+06	
1999	298	1.00E+06	220.8719343
816	298	1.00E+06	200.0639349
984	298	1.00E+06	218.9661753
4001	298	1.00E+06	215.9696766
7373	298	1.00E+06	220.7583967
7639	298	1.00E+06	208.4387813
3741	298	1.00E+06	210.9580948
5445	298	1.00E+06	219.9314173
8171	298	1.00E+06	216.8594199
11111	298	1.00E+06	193.0922213
3248	298	1.00E+06	141.0295825
7956	298	1.00E+06	213.974882
11369	298	1.00E+06	224.700735
12168	298	1.00E+06	210.8642533
2360	298	1.00E+06	129.69462
13200	298	1.00E+06	139.6989063
48	298	1.00E+06	127.1300812
5582	298	1.00E+06	202.6877437
1837	298	1.00E+06	223.7478493
3851	298	1.00E+06	209.7691681
8143	298	1.00E+06	204.860893
11132	298	1.00E+06	222.8470621
3660	298	1.00E+06	222.1929698
9208	298	1.00E+06	187.9003577
3174	298	1.00E+06	215.0441016
5206	298	1.00E+06	219.918785
709	298	1.00E+06	224.1035405
6982	298	1.00E+06	226.6502875
7522	298	1.00E+06	220.4575946
9214	298	1.00E+06	214.8724425
732	298	1.00E+06	155.5070304
750	298	1.00E+06	225.4332882
9875	298	1.00E+06	222.5683223
5848	298	1.00E+06	197.3243735
8202	298	1.00E+06	216.9913375
8641	298	1.00E+06	
1796	298	1.00E+06	223.367697
3085	298	1.00E+06	215.158394
949	298	1.00E+06	171.4889206
12891	298	1.00E+06	215.2115311
3492	298	1.00E+06	157.2270225
5127	298	1.00E+06	212.4756577
2958	298	1.00E+06	151.6790431
313	298	1.00E+06	198.6659062
7358	298	1.00E+06	208.1693994
12753	298	1.00E+06	215.0858062
2956	298	1.00E+06	163.3399935
7748	298	1.00E+06	225.8129565
3951	298	1.00E+06	
9020	298	1.00E+06	150.9571375
9698	298	1.00E+06	130.2590112
11606	298	1.00E+06	183.6316764
8709	298	1.00E+06	
9075	298	1.00E+06	0.000394359
4352	298	1.00E+06	208.9441155
5252	298	1.00E+06	215.185573
6843	298	1.00E+06	217.66581
13458	298	1.00E+06	141.8515987
7011	298	1.00E+06	216.550343
9814	298	1.00E+06	208.8892148
11176	298	1.00E+06	224.5067143
11687	298	1.00E+06	211.2560131
4598	298	1.00E+06	222.3378634
12982	298	1.00E+06	203.4017388
3136	298	1.00E+06	204.8624822
9999	298	1.00E+06	212.808982
1731	298	1.00E+06	
9541	298	1.00E+06	199.9067763
9791	298	1.00E+06	223.1454445
147	298	1.00E+06	143.6570669
7876	298	1.00E+06	145.7849308
			
2680	298	1.00E+06	201.5947075
8399	298	1.00E+06	219.4626745
9684	298	1.00E+06	221.0455615
11544	298	1.00E+06	212.0945589
2203	298	1.00E+06	220.4308169
2338	298	1.00E+06	222.0570348
3095	298	1.00E+06	220.4423054
3273	298	1.00E+06	200.2550779
617	298	1.00E+06	224.1420626
2192	298	1.00E+06	223.2813416
3119	298	1.00E+06	194.923646
995	298	1.00E+06	204.9917232
282	298	1.00E+06	87.2244054
8401	298	1.00E+06	216.6910498
9167	298	1.00E+06	42.73383292
4117	298	1.00E+06	148.359716
9546	298	1.00E+06	208.7321625
9843	298	1.00E+06	217.893938
12835	298	1.00E+06	188.0205695
3027	298	1.00E+06	218.2655578
4466	298	1.00E+06	223.7724918
6326	298	1.00E+06	223.4143749
6908	298	1.00E+06	221.4695616
6984	298	1.00E+06	226.6432142
11054	298	1.00E+06	207.6906501
1248	298	1.00E+06	170.3370682
7229	298	1.00E+06	221.923674
1163	298	1.00E+06	163.2372779
12731	298	1.00E+06	215.9148461
3473	298	1.00E+06	
12328	298	1.00E+06	
274	298	1.00E+06	209.0780755
9704	298	1.00E+06	102.7267995
10100	298	1.00E+06	218.4167529
1968	298	1.00E+06	213.5621087
6838	298	1.00E+06	221.4512419
13194	298	1.00E+06	181.4309131
8290	298	1.00E+06	210.69258
8761	298	1.00E+06	
3889	298	1.00E+06	213.1993927
7200	298	1.00E+06	172.0506703
7528	298	1.00E+06	214.877056
10283	298	1.00E+06	
13414	298	1.00E+06	214.2882443
7382	298	1.00E+06	219.1240251
6402	298	1.00E+06	202.8272617
7655	298	1.00E+06	225.8212947
8361	298	1.00E+06	216.5658365
12631	298	1.00E+06	211.4823693
2845	298	1.00E+06	217.8548718
8259	298	1.00E+06	215.0694165
3094	298	1.00E+06	222.3053714
3410	298	1.00E+06	
4721	298	1.00E+06	120.4987931
1165	298	1.00E+06	197.7865473
1326	298	1.00E+06	160.3458344
6827	298	1.00E+06	181.4124931
11459	298	1.00E+06	221.4180538
722	298	1.00E+06	216.8026986
8792	298	1.00E+06	
11225	298	1.00E+06	223.2053145
1769	298	1.00E+06	
8736	298	1.00E+06	
325	298	1.00E+06	57.56265038
886	298	1.00E+06	166.1329935
9008	298	1.00E+06	218.8457021
11261	298	1.00E+06	212.913886
5935	298	1.00E+06	206.4052118
671	298	1.00E+06	216.2586188
2384	298	1.00E+06	181.4932936
5370	298	1.00E+06	221.3924216
6534	298	1.00E+06	202.4481185
3008	298	1.00E+06	181.028115
3343	298	1.00E+06	170.3711313
9398	298	1.00E+06	190.0714662
10214	298	1.00E+06	82.55066778
1119	298	1.00E+06	211.6652356
2147	298	1.00E+06	223.1910522
3930	298	1.00E+06	209.2760963
4414	298	1.00E+06	
7947	298	1.00E+06	217.7433635
7596	298	1.00E+06	210.3878778
7722	298	1.00E+06	218.9712479
9347	298	1.00E+06	173.4240007
13391	298	1.00E+06	216.2714488
8974	298	1.00E+06	117.6263004
9750	298	1.00E+06	216.7684604
11528	298	1.00E+06	217.8049539
13085	298	1.00E+06	213.4466348
8308	298	1.00E+06	214.5273657
13506	298	1.00E+06	211.3004989
2266	298	1.00E+06	223.8221093
5519	298	1.00E+06	224.6140911
12783	298	1.00E+06	204.1227665
9131	298	1.00E+06	132.3404745
9289	298	1.00E+06	220.0169527
11287	298	1.00E+06	214.5115575
2691	298	1.00E+06	204.9545167
6855	298	1.00E+06	221.0199031
13178	298	1.00E+06	218.509858
2976	298	1.00E+06	220.1151979
8425	298	1.00E+06	101.8090057
1409	298	1.00E+06	187.0483518
178	298	1.00E+06	203.9525925
5903	298	1.00E+06	213.5919766
11864	298	1.00E+06	215.3922511
2605	298	1.00E+06	217.8883738
7438	298	1.00E+06	221.4880863
11292	298	1.00E+06	214.9139135
13179	298	1.00E+06	216.0067473
2233	298	1.00E+06	224.7592459
4734	298	1.00E+06	225.7439442
5129	298	1.00E+06	219.9683352
717	298	1.00E+06	220.2558042
2535	298	1.00E+06	215.6900425
3918	298	1.00E+06	171.5592753
5031	298	1.00E+06	183.0146829
1712	298	1.00E+06	225.609687
3789	298	1.00E+06	
9276	298	1.00E+06	218.6834311
4481	298	1.00E+06	206.0606917
7025	298	1.00E+06	227.2503829
7702	298	1.00E+06	222.0754266
11209	298	1.00E+06	207.0085235
1231	298	1.00E+06	193.3498671
3976	298	1.00E+06	191.6525498
2029	298	1.00E+06	217.7118975
4368	298	1.00E+06	223.214405
5379	298	1.00E+06	221.7386656
2021	298	1.00E+06	206.8479474
4797	298	1.00E+06	206.1336423
5887	298	1.00E+06	196.3270132
1058	298	1.00E+06	207.0981051
3173	298	1.00E+06	207.9064053
5886	298	1.00E+06	187.5469457
13148	298	1.00E+06	216.7848693
2308	298	1.00E+06	208.8716616
8485	298	1.00E+06	211.944397
13025	298	1.00E+06	206.3690471
5422	298	1.00E+06	224.3253153
9324	298	1.00E+06	213.8929033
3917	298	1.00E+06	171.9437481
4175	298	1.00E+06	190.7725046
4461	298	1.00E+06	227.2644616
13217	298	1.00E+06	213.1695849
9267	298	1.00E+06	214.6185145
9827	298	1.00E+06	224.0395138
10991	298	1.00E+06	218.2369144
302	298	1.00E+06	187.8130654
9922	298	1.00E+06	221.5946055
11266	298	1.00E+06	219.824005
3037	298	1.00E+06	219.7980057
4418	298	1.00E+06	
13073	298	1.00E+06	209.269855
4985	298	1.00E+06	189.0461227
5529	298	1.00E+06	219.6197223
1105	298	1.00E+06	210.489707
3483	298	1.00E+06	199.9194295
4982	298	1.00E+06	222.2351729
13066	298	1.00E+06	118.2881595
4138	298	1.00E+06	202.223734
7075	298	1.00E+06	221.121201
11357	298	1.00E+06	198.2850898
4991	298	1.00E+06	225.0885471
9685	298	1.00E+06	218.4164184
11609	298	1.00E+06	215.7578151
4627	298	1.00E+06	177.7963478
7763	298	1.00E+06	225.4975282
1040	298	1.00E+06	155.6169636
11067	298	1.00E+06	130.6385536
5830	298	1.00E+06	169.8017267
7038	298	1.00E+06	223.3579705
7374	298	1.00E+06	220.8949496
7760	298	1.00E+06	228.1817382
1706	298	1.00E+06	223.5698266
7692	298	1.00E+06	220.2488781
8956	298	1.00E+06	221.5506941
10289	298	1.00E+06	201.6442508
11734	298	1.00E+06	203.3053358
6956	298	1.00E+06	221.8778896
1944	298	1.00E+06	224.5566795
2425	298	1.00E+06	191.8325877
4760	298	1.00E+06	215.6912861
2831	298	1.00E+06	207.7468526
4572	298	1.00E+06	213.4270199
5154	298	1.00E+06	191.3011248
11347	298	1.00E+06	214.1855306
7724	298	1.00E+06	222.2861765
8208	298	1.00E+06	203.7955894
13348	298	1.00E+06	213.280641
3013	298	1.00E+06	209.0535308
686	298	1.00E+06	199.0462001
1062	298	1.00E+06	205.8086748
11066	298	1.00E+06	197.9514033
8679	298	1.00E+06	208.8690164
11118	298	1.00E+06	216.9318278
8090	298	1.00E+06	213.7764828
8254	298	1.00E+06	218.7164993
12778	298	1.00E+06	127.0951226
4079	298	1.00E+06	144.3304631
9536	298	1.00E+06	187.1052371
11836	298	1.00E+06	194.8579033
3770	298	1.00E+06	
67	298	1.00E+06	202.9314273
10187	298	1.00E+06	
12167	298	1.00E+06	195.9833558
4431	298	1.00E+06	223.5403807
12600	298	1.00E+06	205.5010651
6508	298	1.00E+06	221.4739129
9429	298	1.00E+06	208.9764891
12989	298	1.00E+06	218.3693009
7144	298	1.00E+06	217.8021769
9751	298	1.00E+06	217.0993998
11617	298	1.00E+06	194.4648222
5759	298	1.00E+06	204.1005953
6197	298	1.00E+06	220.0530771
1322	298	1.00E+06	167.9404526
3023	298	1.00E+06	222.3898369
3379	298	1.00E+06	209.0323516
12369	298	1.00E+06	
6939	298	1.00E+06	220.4019612
9848	298	1.00E+06	214.1692005
2127	298	1.00E+06	225.804011
5073	298	1.00E+06	219.5449784
689	298	1.00E+06	149.9748064
10221	298	1.00E+06	
2577	298	1.00E+06	219.2304527
8230	298	1.00E+06	
5811	298	1.00E+06	214.0515819
82	298	1.00E+06	204.7431305
9737	298	1.00E+06	224.6074406
12886	298	1.00E+06	207.7416159
2898	298	1.00E+06	196.713987
7282	298	1.00E+06	220.4113343
6167	298	1.00E+06	226.4752703
6923	298	1.00E+06	206.8817445
8597	298	1.00E+06	212.8632503
11316	298	1.00E+06	214.7934677
12928	298	1.00E+06	207.374889
2019	298	1.00E+06	216.5193646
105	298	1.00E+06	0
1823	298	1.00E+06	
670	298	1.00E+06	220.8773565
183	298	1.00E+06	70.36002532
2310	298	1.00E+06	223.123953
8104	298	1.00E+06	108.1336962
12864	298	1.00E+06	220.5907853
3813	298	1.00E+06	
4421	298	1.00E+06	
1270	298	1.00E+06	209.0386464
8068	298	1.00E+06	216.5679444
9282	298	1.00E+06	198.0393429
3707	298	1.00E+06	
4538	298	1.00E+06	207.9994145
9547	298	1.00E+06	214.0615352
11548	298	1.00E+06	190.8538862
13081	298	1.00E+06	208.326866
142	298	1.00E+06	96.70969306
12202	298	1.00E+06	
13138	298	1.00E+06	162.9313289
7111	298	1.00E+06	217.1224617
1454	298	1.00E+06	140.9357223
2917	298	1.00E+06	173.6308105
9747	298	1.00E+06	212.7120876
2946	298	1.00E+06	168.3582733
2962	298	1.00E+06	185.4990075
8604	298	1.00E+06	213.0088497
1342	298	1.00E+06	149.0329926
6875	298	1.00E+06	205.5704774
9519	298	1.00E+06	215.8722875
11392	298	1.00E+06	222.8130356
13139	298	1.00E+06	221.9116204
724	298	1.00E+06	181.3678377
12594	298	1.00E+06	156.4977978
3014	298	1.00E+06	215.11915
9731	298	1.00E+06	216.0415327
4850	298	1.00E+06	216.7473043
730	298	1.00E+06	227.184078
8670	298	1.00E+06	198.3098627
11744	298	1.00E+06	216.775293
4172	298	1.00E+06	199.1163014
9411	298	1.00E+06	205.7720515
5250	298	1.00E+06	202.4298111
7261	298	1.00E+06	222.1159399
935	298	1.00E+06	159.7196567
11610	298	1.00E+06	215.4377627
3251	298	1.00E+06	152.3757873
5571	298	1.00E+06	221.7521898
11760	298	1.00E+06	216.5369189
13466	298	1.00E+06	205.1887683
4909	298	1.00E+06	85.42713684
11077	298	1.00E+06	219.6255666
232	298	1.00E+06	118.6886524
3180	298	1.00E+06	218.1417954
11023	298	1.00E+06	216.9141758
39	298	1.00E+06	214.4598071
9802	298	1.00E+06	218.7393496
10277	298	1.00E+06	
13424	298	1.00E+06	218.0451345
9766	298	1.00E+06	212.5935178
3208	298	1.00E+06	203.3495002
3567	298	1.00E+06	221.4028792
9425	298	1.00E+06	213.6240085
5361	298	1.00E+06	222.5684093
6462	298	1.00E+06	224.4446609
9457	298	1.00E+06	215.4496591
1208	298	1.00E+06	215.2127875
12550	298	1.00E+06	159.9272524
56	298	1.00E+06	172.113
1719	298	1.00E+06	221.2415238
3060	298	1.00E+06	170.9940037
9945	298	1.00E+06	209.1204551
11757	298	1.00E+06	214.6895128
2328	298	1.00E+06	226.2990598
9272	298	1.00E+06	214.2246425
10972	298	1.00E+06	133.3256037
1155	298	1.00E+06	201.5272752
1909	298	1.00E+06	
10250	298	1.00E+06	203.3419849
6459	298	1.00E+06	218.9345005
914	298	1.00E+06	199.6247016
11302	298	1.00E+06	213.0475351
12385	298	1.00E+06	
7026	298	1.00E+06	224.5318943
10197	298	1.00E+06	156.5884862
11594	298	1.00E+06	181.855236
9696	298	1.00E+06	148.6485357
1788	298	1.00E+06	222.807443
7306	298	1.00E+06	225.0020682
8875	298	1.00E+06	168.9805243
13277	298	1.00E+06	213.7263333
9771	298	1.00E+06	157.7096874
9936	298	1.00E+06	216.6140588
13398	298	1.00E+06	214.4662832
4860	298	1.00E+06	211.618818
7693	298	1.00E+06	224.174063
2105	298	1.00E+06	222.7906589
3352	298	1.00E+06	189.1747401
5603	298	1.00E+06	219.7174827
1710	298	1.00E+06	227.0099423
3265	298	1.00E+06	208.222175
6495	298	1.00E+06	218.6014307
1362	298	1.00E+06	197.3307392
8966	298	1.00E+06	222.2853892
9089	298	1.00E+06	203.430103
2139	298	1.00E+06	224.7182952
2665	298	1.00E+06	213.2949928
5196	298	1.00E+06	141.5443067
12265	298	1.00E+06	218.0951207
1723	298	1.00E+06	220.6491881
3964	298	1.00E+06	184.7202198
11495	298	1.00E+06	213.4003994
13256	298	1.00E+06	126.7904121
4536	298	1.00E+06	224.101886
5988	298	1.00E+06	197.7301726
7213	298	1.00E+06	221.3078744
7217	298	1.00E+06	223.5950361
12787	298	1.00E+06	200.1227609
5039	298	1.00E+06	222.7634063
5682	298	1.00E+06	168.7368345
13385	298	1.00E+06	220.5532208
6099	298	1.00E+06	215.9028584
803	298	1.00E+06	223.3333482
4029	298	1.00E+06	152.7196322
6920	298	1.00E+06	205.4095309
7517	298	1.00E+06	220.1924968
2655	298	1.00E+06	215.3878977
2870	298	1.00E+06	206.0198088
9281	298	1.00E+06	218.929475
3828	298	1.00E+06	167.3613629
3893	298	1.00E+06	
4193	298	1.00E+06	218.3110469
1162	298	1.00E+06	208.0574957
1445	298	1.00E+06	163.4134156
8008	298	1.00E+06	210.5392319
10330	298	1.00E+06	
3740	298	1.00E+06	151.7037104
7932	298	1.00E+06	195.8724191
11490	298	1.00E+06	200.70935
13253	298	1.00E+06	134.927624
7090	298	1.00E+06	219.9917535
4669	298	1.00E+06	92.51599437
8877	298	1.00E+06	182.6037495
9714	298	1.00E+06	219.6105283
11379	298	1.00E+06	221.0147672
13381	298	1.00E+06	219.2736861
7825	298	1.00E+06	210.7128161
13366	298	1.00E+06	202.5819164
1434	298	1.00E+06	192.5292408
3502	298	1.00E+06	202.9539141
4555	298	1.00E+06	221.4967621
5936	298	1.00E+06	208.8441975
6137	298	1.00E+06	223.7236677
2620	298	1.00E+06	217.4941258
6010	298	1.00E+06	120.2305728
7392	298	1.00E+06	225.1027229
5647	298	1.00E+06	221.0207397
6880	298	1.00E+06	219.2015495
8794	298	1.00E+06	
2261	298	1.00E+06	218.4558675
3382	298	1.00E+06	216.8008721
9995	298	1.00E+06	140.9075171
12872	298	1.00E+06	218.8366767
8711	298	1.00E+06	
8957	298	1.00E+06	223.2685418
11749	298	1.00E+06	219.6979192
			
8960	298	1.00E+06	221.8304778
3508	298	1.00E+06	206.5515101
3909	298	1.00E+06	
8699	298	1.00E+06	
13499	298	1.00E+06	219.6644141
5472	298	1.00E+06	225.3403152
8653	298	1.00E+06	
2903	298	1.00E+06	221.577039
2922	298	1.00E+06	198.6696535
4726	298	1.00E+06	199.5741956
3445	298	1.00E+06	203.6753897
6309	298	1.00E+06	221.2490539
802	298	1.00E+06	224.1827526
11879	298	1.00E+06	193.0523668
8203	298	1.00E+06	214.6144285
98	298	1.00E+06	40.82929851
2818	298	1.00E+06	152.4815943
8891	298	1.00E+06	202.5673852
9012	298	1.00E+06	206.6772599
697	298	1.00E+06	96.02749832
9064	298	1.00E+06	222.6823151
9273	298	1.00E+06	93.73786715
11547	298	1.00E+06	156.1398231
12675	298	1.00E+06	211.5690487
3699	298	1.00E+06	211.1648541
10091	298	1.00E+06	88.62306509
7267	298	1.00E+06	225.1996853
8107	298	1.00E+06	217.024373
1832	298	1.00E+06	63.73750343
8032	298	1.00E+06	215.6051074
9207	298	1.00E+06	211.4049458
3276	298	1.00E+06	218.7198743
7970	298	1.00E+06	134.9248541
9647	298	1.00E+06	211.0792143
12215	298	1.00E+06	211.8727458
7172	298	1.00E+06	221.7540745
7960	298	1.00E+06	211.6510837
11620	298	1.00E+06	215.2232626
6427	298	1.00E+06	222.1997056
8962	298	1.00E+06	222.677497
4557	298	1.00E+06	223.8449385
5122	298	1.00E+06	218.8086575
9768	298	1.00E+06	212.3256572
3697	298	1.00E+06	
4847	298	1.00E+06	215.9025786
5507	298	1.00E+06	222.9703956
13509	298	1.00E+06	186.5222329
1460	298	1.00E+06	155.5721296
5119	298	1.00E+06	220.5493556
2696	298	1.00E+06	209.9959248
4724	298	1.00E+06	195.3447376
7183	298	1.00E+06	217.8280592
10267	298	1.00E+06	196.9708241
11733	298	1.00E+06	206.520443
7672	298	1.00E+06	224.6335218
6496	298	1.00E+06	219.8591975
8284	298	1.00E+06	197.8744442
9724	298	1.00E+06	221.4605564
13447	298	1.00E+06	211.6694269
3311	298	1.00E+06	212.4093764
5698	298	1.00E+06	209.7012532
6954	298	1.00E+06	208.7388716
8908	298	1.00E+06	217.472072
9824	298	1.00E+06	223.6111675
12603	298	1.00E+06	207.9019407
13124	298	1.00E+06	203.3464997
4226	298	1.00E+06	
10038	298	1.00E+06	219.1781845
8613	298	1.00E+06	216.1757219
9610	298	1.00E+06	215.879088
3522	298	1.00E+06	105.3434437
5615	298	1.00E+06	222.0373759
9470	298	1.00E+06	218.9357658
11184	298	1.00E+06	222.7914676
12576	298	1.00E+06	219.0674976
5271	298	1.00E+06	222.4146019
13204	298	1.00E+06	131.8735289
2009	298	1.00E+06	224.6945008
3326	298	1.00E+06	218.9776573
12645	298	1.00E+06	35.01305158
4268	298	1.00E+06	226.9138364
9998	298	1.00E+06	104.8510007
6112	298	1.00E+06	218.5299899
6999	298	1.00E+06	221.0290331
8649	298	1.00E+06	
11492	298	1.00E+06	183.8730727
281	298	1.00E+06	148.8922935
4612	298	1.00E+06	
12933	298	1.00E+06	120.6575753
780	298	1.00E+06	137.0291542
9659	298	1.00E+06	214.7551204
11059	298	1.00E+06	152.3481724
11800	298	1.00E+06	216.5962564
9634	298	1.00E+06	165.3573686
10324	298	1.00E+06	
5050	298	1.00E+06	209.1665849
5578	298	1.00E+06	207.6204854
2239	298	1.00E+06	223.0755739
3849	298	1.00E+06	204.4103693
9592	298	1.00E+06	211.5558609
11264	298	1.00E+06	219.3453262
3453	298	1.00E+06	220.4361668
8283	298	1.00E+06	199.2261318
12329	298	1.00E+06	
12934	298	1.00E+06	191.6758245
7659	298	1.00E+06	223.7159719
3798	298	1.00E+06	
4114	298	1.00E+06	170.0267052
9502	298	1.00E+06	215.3963418
1311	298	1.00E+06	196.9927831
6909	298	1.00E+06	215.5392172
9271	298	1.00E+06	181.418333
10021	298	1.00E+06	221.0841079
11497	298	1.00E+06	207.5598694
9015	298	1.00E+06	192.9228486
10388	298	1.00E+06	
13216	298	1.00E+06	209.5291006
6330	298	1.00E+06	222.5672687
1784	298	1.00E+06	62.58045112
2343	298	1.00E+06	219.7696911
5425	298	1.00E+06	186.5634584
11016	298	1.00E+06	218.4205938
11391	298	1.00E+06	219.1637668
12555	298	1.00E+06	199.4423076
8509	298	1.00E+06	204.8534136
8595	298	1.00E+06	212.4993469
9403	298	1.00E+06	210.6053546
12206	298	1.00E+06	
8228	298	1.00E+06	126.0941047
9534	298	1.00E+06	190.7799092
10168	298	1.00E+06	72.27423608
10368	298	1.00E+06	
4144	298	1.00E+06	208.4200066
12175	298	1.00E+06	219.957824
12981	298	1.00E+06	177.6676335
13132	298	1.00E+06	219.4233989
1967	298	1.00E+06	215.7983784
3622	298	1.00E+06	
7759	298	1.00E+06	221.9947713
7140	298	1.00E+06	223.9973521
8599	298	1.00E+06	191.9083174
9886	298	1.00E+06	211.4566359
11402	298	1.00E+06	192.6195045
2522	298	1.00E+06	217.7790273
4862	298	1.00E+06	211.7398963
5914	298	1.00E+06	137.1047676
7901	298	1.00E+06	213.3702287
9307	298	1.00E+06	198.8454094
11055	298	1.00E+06	216.8848746
3348	298	1.00E+06	135.4740726
7799	298	1.00E+06	227.4048312
2488	298	1.00E+06	221.3053097
285	298	1.00E+06	115.0817001
3182	298	1.00E+06	218.2260832
1019	298	1.00E+06	210.0042251
13140	298	1.00E+06	222.0376663
7898	298	1.00E+06	194.2645162
10314	298	1.00E+06	
2129	298	1.00E+06	225.1572937
25	298	1.00E+06	217.0986417
13150	298	1.00E+06	222.054187
5566	298	1.00E+06	221.3141937
6453	298	1.00E+06	220.011665
11306	298	1.00E+06	212.8774425
6425	298	1.00E+06	223.9939408
9237	298	1.00E+06	184.5206447
297	298	1.00E+06	183.4081113
6417	298	1.00E+06	214.5166122
8158	298	1.00E+06	209.5773323
12873	298	1.00E+06	215.1568207
5266	298	1.00E+06	222.5408576
8520	298	1.00E+06	126.7227174
4495	298	1.00E+06	226.3930263
5214	298	1.00E+06	225.8072817
5858	298	1.00E+06	204.6248194
16	298	1.00E+06	209.0706904
5950	298	1.00E+06	216.6319065
8968	298	1.00E+06	197.0979491
11408	298	1.00E+06	218.9590654
13147	298	1.00E+06	205.7253509
4861	298	1.00E+06	208.7102664
4868	298	1.00E+06	212.2030402
5096	298	1.00E+06	102.2806722
9899	298	1.00E+06	120.9465634
13370	298	1.00E+06	215.244753
1385	298	1.00E+06	197.0619889
194	298	1.00E+06	153.2696695
12688	298	1.00E+06	164.2789752
4380	298	1.00E+06	
4534	298	1.00E+06	223.45864
2161	298	1.00E+06	210.3663532
4329	298	1.00E+06	219.6579343
5670	298	1.00E+06	222.1881024
3187	298	1.00E+06	216.9458394
3228	298	1.00E+06	218.7067684
6181	298	1.00E+06	218.9573505
2497	298	1.00E+06	209.585007
290	298	1.00E+06	174.1881362
4397	298	1.00E+06	227.6673948
11291	298	1.00E+06	216.3302959
3938	298	1.00E+06	
8054	298	1.00E+06	134.8840716
10203	298	1.00E+06	202.5148133
4052	298	1.00E+06	213.8400466
5478	298	1.00E+06	222.3272485
2704	298	1.00E+06	214.6415312
6995	298	1.00E+06	222.8293521
904	298	1.00E+06	192.4429601
10338	298	1.00E+06	
10386	298	1.00E+06	
9110	298	1.00E+06	218.4580479
138	298	1.00E+06	22.63399507
1958	298	1.00E+06	223.1326468
9486	298	1.00E+06	188.207394
2733	298	1.00E+06	209.2492196
5920	298	1.00E+06	60.43097775
7637	298	1.00E+06	194.0250535
1135	298	1.00E+06	212.2312756
13022	298	1.00E+06	160.5178366
2217	298	1.00E+06	219.1979047
1717	298	1.00E+06	223.7679184
2945	298	1.00E+06	218.1206891
9100	298	1.00E+06	217.7344794
12203	298	1.00E+06	
1388	298	1.00E+06	191.3439082
2491	298	1.00E+06	217.3920117
2027	298	1.00E+06	208.9624717
2422	298	1.00E+06	219.177789
566	298	1.00E+06	220.8988166
3250	298	1.00E+06	148.8418027
4412	298	1.00E+06	222.3836187
7277	298	1.00E+06	221.9966561
12812	298	1.00E+06	203.7264529
2377	298	1.00E+06	85.76047097
3102	298	1.00E+06	151.0031656
2134	298	1.00E+06	225.7609323
5917	298	1.00E+06	91.10015083
6211	298	1.00E+06	222.2699286
11079	298	1.00E+06	220.7544849
13212	298	1.00E+06	102.1286949
8501	298	1.00E+06	219.4675481
12282	298	1.00E+06	
13185	298	1.00E+06	212.6243642
4953	298	1.00E+06	220.061445
2441	298	1.00E+06	220.897699
5839	298	1.00E+06	196.2809437
5978	298	1.00E+06	191.957869
11558	298	1.00E+06	185.5942293
8914	298	1.00E+06	159.5267556
898	298	1.00E+06	143.591588
10269	298	1.00E+06	
11390	298	1.00E+06	222.7818517
1956	298	1.00E+06	222.5476783
10312	298	1.00E+06	67.07389214
12695	298	1.00E+06	186.5827896
1960	298	1.00E+06	218.7314189
11766	298	1.00E+06	215.2422139
3658	298	1.00E+06	219.052495
6335	298	1.00E+06	223.0961552
4655	298	1.00E+06	219.1700866
4908	298	1.00E+06	94.93987705
8635	298	1.00E+06	214.8776546
12837	298	1.00E+06	142.1952427
6429	298	1.00E+06	218.1590985
7741	298	1.00E+06	226.613634
12586	298	1.00E+06	219.8484731
13141	298	1.00E+06	222.2762958
9225	298	1.00E+06	217.1454178
3441	298	1.00E+06	116.571831
4586	298	1.00E+06	216.5416182
5310	298	1.00E+06	223.0305771
2455	298	1.00E+06	212.9314011
2552	298	1.00E+06	205.0195562
7224	298	1.00E+06	224.6205344
7195	298	1.00E+06	219.3447946
8405	298	1.00E+06	219.1312943
8664	298	1.00E+06	
12337	298	1.00E+06	
1276	298	1.00E+06	164.7367895
9873	298	1.00E+06	222.988295
10172	298	1.00E+06	77.50044808
8039	298	1.00E+06	209.5936193
8120	298	1.00E+06	221.1848404
1361	298	1.00E+06	198.5664547
1803	298	1.00E+06	217.8738885
2957	298	1.00E+06	166.6965387
2254	298	1.00E+06	207.9466858
6218	298	1.00E+06	214.4851205
9323	298	1.00E+06	207.1625529
12945	298	1.00E+06	211.5462159
8344	298	1.00E+06	220.2533912
8743	298	1.00E+06	207.3360967
12850	298	1.00E+06	203.3138477
3659	298	1.00E+06	215.83078
7190	298	1.00E+06	222.8562818
10049	298	1.00E+06	219.9604757
3330	298	1.00E+06	188.6676868
9495	298	1.00E+06	204.4841541
171	298	1.00E+06	190.6070234
4877	298	1.00E+06	219.1456585
8860	298	1.00E+06	219.7187145
4455	298	1.00E+06	199.8115651
4998	298	1.00E+06	221.5032807
8990	298	1.00E+06	157.7933015
2206	298	1.00E+06	216.398366
8638	298	1.00E+06	214.8835847
895	298	1.00E+06	145.4717255
2163	298	1.00E+06	211.551784
3537	298	1.00E+06	0
9169	298	1.00E+06	184.0936647
2221	298	1.00E+06	221.8591986
2479	298	1.00E+06	218.2360013
4371	298	1.00E+06	224.62868
11866	298	1.00E+06	211.8573201
219	298	1.00E+06	203.3114053
5728	298	1.00E+06	33.01845968
1159	298	1.00E+06	205.8760494
1340	298	1.00E+06	143.1344124
5737	298	1.00E+06	180.1627331
10967	298	1.00E+06	213.254647
3046	298	1.00E+06	224.0334173
9682	298	1.00E+06	220.9621119
11576	298	1.00E+06	222.4147398
13014	298	1.00E+06	208.0409642
3744	298	1.00E+06	215.9549078
1183	298	1.00E+06	185.9775589
2187	298	1.00E+06	227.0681046
8147	298	1.00E+06	168.4991444
5018	298	1.00E+06	120.9204457
5840	298	1.00E+06	198.2436564
7627	298	1.00E+06	221.5601243
11477	298	1.00E+06	221.6532286
5560	298	1.00E+06	222.4302472
8851	298	1.00E+06	215.0695759
11230	298	1.00E+06	220.7110104
2155	298	1.00E+06	222.0334344
6359	298	1.00E+06	213.4190748
12709	298	1.00E+06	219.7983029
6018	298	1.00E+06	200.9233935
9739	298	1.00E+06	221.4600526
13299	298	1.00E+06	211.3863253
13321	298	1.00E+06	213.8589378
6961	298	1.00E+06	209.8814669
13356	298	1.00E+06	128.4090478
6351	298	1.00E+06	0
9608	298	1.00E+06	212.360671
289	298	1.00E+06	153.5022701
6279	298	1.00E+06	219.8795904
8672	298	1.00E+06	193.570361
12953	298	1.00E+06	214.3341389
2180	298	1.00E+06	226.8044891
4440	298	1.00E+06	212.9956023
13082	298	1.00E+06	211.4128835
4849	298	1.00E+06	215.5055701
5565	298	1.00E+06	225.2910113
12975	298	1.00E+06	190.6607347
3295	298	1.00E+06	139.341036
8713	298	1.00E+06	
12739	298	1.00E+06	178.6151729
5724	298	1.00E+06	172.0598883
8703	298	1.00E+06	
11493	298	1.00E+06	211.4239644
13184	298	1.00E+06	208.4197234
4356	298	1.00E+06	227.2693495
11228	298	1.00E+06	221.2110419
5784	298	1.00E+06	197.2023348
804	298	1.00E+06	182.2242266
5997	298	1.00E+06	206.9992411
9340	298	1.00E+06	130.0325804
9969	298	1.00E+06	222.9980101
11267	298	1.00E+06	221.5286709
5436	298	1.00E+06	191.2522937
7284	298	1.00E+06	204.4550904
13104	298	1.00E+06	177.9644002
3959	298	1.00E+06	
7266	298	1.00E+06	227.0137726
3012	298	1.00E+06	208.8634027
765	298	1.00E+06	219.59249
7701	298	1.00E+06	220.9263635
10387	298	1.00E+06	
11160	298	1.00E+06	213.8176275
7787	298	1.00E+06	226.8217949
4811	298	1.00E+06	210.7931793
8698	298	1.00E+06	
9193	298	1.00E+06	74.91364473
12570	298	1.00E+06	216.9636689
5437	298	1.00E+06	116.5710642
7408	298	1.00E+06	225.2337697
2916	298	1.00E+06	174.0498485
675	298	1.00E+06	219.8954945
7450	298	1.00E+06	220.228059
2878	298	1.00E+06	219.4356811
3111	298	1.00E+06	171.1513137
5108	298	1.00E+06	214.3345875
3566	298	1.00E+06	216.5701197
6261	298	1.00E+06	223.9281097
834	298	1.00E+06	200.4862111
10341	298	1.00E+06	193.4793979
5217	298	1.00E+06	224.6185279
3106	298	1.00E+06	133.0994856
5268	298	1.00E+06	
6256	298	1.00E+06	220.5638633
10311	298	1.00E+06	67.39345508
11876	298	1.00E+06	133.1552692
6428	298	1.00E+06	223.4282348
4549	298	1.00E+06	211.0301843
46	298	1.00E+06	145.6805824
8868	298	1.00E+06	189.2983681
4942	298	1.00E+06	210.6051922
5691	298	1.00E+06	163.810923
7667	298	1.00E+06	225.7026427
11608	298	1.00E+06	215.5639709
2851	298	1.00E+06	217.6981134
6874	298	1.00E+06	206.1360802
1109	298	1.00E+06	217.3776166
12257	298	1.00E+06	210.8677804
5227	298	1.00E+06	223.7639403
5007	298	1.00E+06	113.7747464
8588	298	1.00E+06	188.8978094
8934	298	1.00E+06	215.3968637
1947	298	1.00E+06	213.8901894
6381	298	1.00E+06	223.6577332
8856	298	1.00E+06	189.9587471
13491	298	1.00E+06	201.2755346
2067	298	1.00E+06	216.9625279
7381	298	1.00E+06	219.4852731
10334	298	1.00E+06	
3627	298	1.00E+06	164.9861562
11470	298	1.00E+06	220.4422016
12621	298	1.00E+06	205.3689263
635	298	1.00E+06	211.3758067
3213	298	1.00E+06	202.1180207
66	298	1.00E+06	195.2888241
9590	298	1.00E+06	208.5595362
10370	298	1.00E+06	
11395	298	1.00E+06	217.6049587
2419	298	1.00E+06	220.1124935
1331	298	1.00E+06	152.9387624
5961	298	1.00E+06	221.9040326
7819	298	1.00E+06	218.3772243
4011	298	1.00E+06	122.3384662
8353	298	1.00E+06	218.6225999
8508	298	1.00E+06	213.2250113
4830	298	1.00E+06	221.22022
6853	298	1.00E+06	218.6562444
9677	298	1.00E+06	167.567322
2811	298	1.00E+06	121.4137497
5526	298	1.00E+06	220.6623709
6173	298	1.00E+06	227.8238585
12279	298	1.00E+06	
4168	298	1.00E+06	187.4439155
8161	298	1.00E+06	211.3364937
10944	298	1.00E+06	219.673238
1237	298	1.00E+06	181.568102
2286	298	1.00E+06	221.9344288
11557	298	1.00E+06	219.8567345
2538	298	1.00E+06	214.649683
9603	298	1.00E+06	211.4113142
5396	298	1.00E+06	200.6808418
8076	298	1.00E+06	220.1700742
8378	298	1.00E+06	118.8871533
10161	298	1.00E+06	108.8395997
5319	298	1.00E+06	221.2025231
9224	298	1.00E+06	218.2154699
2444	298	1.00E+06	220.6626011
5778	298	1.00E+06	157.1156322
6202	298	1.00E+06	220.6979856
10248	298	1.00E+06	202.5884705
10336	298	1.00E+06	201.5324708
9515	298	1.00E+06	217.064197
5033	298	1.00E+06	199.9000818
6962	298	1.00E+06	211.8315094
8053	298	1.00E+06	
7342	298	1.00E+06	223.9459888
7918	298	1.00E+06	147.2543646
9343	298	1.00E+06	135.4025942
6950	298	1.00E+06	226.4921677
7938	298	1.00E+06	212.133791
8041	298	1.00E+06	213.1277189
1082	298	1.00E+06	157.7271454
10921	298	1.00E+06	210.2742761
2755	298	1.00E+06	219.2316607
1281	298	1.00E+06	156.3193852
1451	298	1.00E+06	149.9799343
5335	298	1.00E+06	215.3890542
4445	298	1.00E+06	223.2987331
5115	298	1.00E+06	219.9999494
5316	298	1.00E+06	224.7624731
11383	298	1.00E+06	218.7355358
11450	298	1.00E+06	204.8810272
1203	298	1.00E+06	206.3053728
657	298	1.00E+06	223.4198617
882	298	1.00E+06	173.2523487
9298	298	1.00E+06	134.6700858
11017	298	1.00E+06	220.1040871
253	298	1.00E+06	193.496043
849	298	1.00E+06	185.2876736
3216	298	1.00E+06	207.6104377
818	298	1.00E+06	203.852173
8369	298	1.00E+06	182.2417367
11803	298	1.00E+06	187.8199854
2036	298	1.00E+06	225.8016992
5637	298	1.00E+06	206.0254027
10381	298	1.00E+06	
127	298	1.00E+06	0
4717	298	1.00E+06	95.71634553
13143	298	1.00E+06	217.3566219
8243	298	1.00E+06	201.2175777
9787	298	1.00E+06	222.5347145
11421	298	1.00E+06	219.496482
13009	298	1.00E+06	218.3348022
7676	298	1.00E+06	222.0950844
2381	298	1.00E+06	182.4919057
6093	298	1.00E+06	220.9058836
8420	298	1.00E+06	162.1704529
6319	298	1.00E+06	224.8248248
8160	298	1.00E+06	176.6131261
840	298	1.00E+06	104.7341338
625	298	1.00E+06	126.062083
916	298	1.00E+06	172.8154127
9539	298	1.00E+06	191.6865676
12648	298	1.00E+06	180.5165784
6886	298	1.00E+06	225.66235
9488	298	1.00E+06	187.6991359
10930	298	1.00E+06	220.471582
13121	298	1.00E+06	201.478258
4032	298	1.00E+06	159.0203991
13419	298	1.00E+06	181.8108961
1868	298	1.00E+06	81.36021662
4483	298	1.00E+06	209.3334041
3940	298	1.00E+06	214.397285
7626	298	1.00E+06	218.479599
7657	298	1.00E+06	187.8152252
4148	298	1.00E+06	215.2269166
5612	298	1.00E+06	218.3386736
9948	298	1.00E+06	124.6278422
11162	298	1.00E+06	207.057214
4550	298	1.00E+06	223.7711532
5042	298	1.00E+06	211.4423885
11104	298	1.00E+06	213.9443825
136	298	1.00E+06	0.263628596
4946	298	1.00E+06	211.7848148
2509	298	1.00E+06	216.9970365
5650	298	1.00E+06	218.5031073
8897	298	1.00E+06	209.9992959
3135	298	1.00E+06	209.2683673
7595	298	1.00E+06	213.3276507
8867	298	1.00E+06	181.5650523
2144	298	1.00E+06	222.6066902
3070	298	1.00E+06	210.4082459
937	298	1.00E+06	155.2707075
3168	298	1.00E+06	208.0889651
7502	298	1.00E+06	197.1511337
9863	298	1.00E+06	220.6140695
1128	298	1.00E+06	203.2189569
13430	298	1.00E+06	187.3007713
1955	298	1.00E+06	216.4818494
2566	298	1.00E+06	197.3907127
3654	298	1.00E+06	221.1211915
7861	298	1.00E+06	218.6541469
3021	298	1.00E+06	218.7565023
5753	298	1.00E+06	205.6793483
879	298	1.00E+06	189.6538537
11530	298	1.00E+06	215.5229773
2984	298	1.00E+06	218.4508866
4532	298	1.00E+06	222.4589134
1705	298	1.00E+06	224.7601161
2299	298	1.00E+06	213.0119913
7143	298	1.00E+06	223.5222057
12565	298	1.00E+06	214.5003121
5700	298	1.00E+06	215.088271
9540	298	1.00E+06	197.902427
12259	298	1.00E+06	210.729533
275	298	1.00E+06	204.5777267
4902	298	1.00E+06	212.1031757
1023	298	1.00E+06	208.1040919
1421	298	1.00E+06	201.848385
6248	298	1.00E+06	214.6356628
10366	298	1.00E+06	
10383	298	1.00E+06	
7736	298	1.00E+06	222.0473981
3941	298	1.00E+06	
5374	298	1.00E+06	222.4299467
7340	298	1.00E+06	117.3976095
12874	298	1.00E+06	219.0680194
1791	298	1.00E+06	221.8198989
246	298	1.00E+06	125.5028442
11825	298	1.00E+06	119.8751962
2964	298	1.00E+06	205.1516777
9287	298	1.00E+06	219.4597014
5760	298	1.00E+06	206.5793392
8235	298	1.00E+06	215.1161983
1065	298	1.00E+06	198.3564801
8426	298	1.00E+06	109.3901432
9256	298	1.00E+06	208.8443021
12691	298	1.00E+06	161.5145117
5849	298	1.00E+06	203.8754743
8083	298	1.00E+06	214.2782466
11832	298	1.00E+06	210.4625707
7050	298	1.00E+06	219.9527669
8773	298	1.00E+06	214.9944672
11709	298	1.00E+06	215.6654354
11819	298	1.00E+06	138.2727899
188	298	1.00E+06	91.25365358
10320	298	1.00E+06	
3708	298	1.00E+06	
6949	298	1.00E+06	218.1739847
638	298	1.00E+06	192.5927621
9141	298	1.00E+06	209.2247894
9243	298	1.00E+06	198.1559886
228	298	1.00E+06	212.8968685
4626	298	1.00E+06	156.5940242
6291	298	1.00E+06	210.9732319
2344	298	1.00E+06	214.9643496
6183	298	1.00E+06	
7743	298	1.00E+06	224.7938269
13023	298	1.00E+06	202.9532605
4876	298	1.00E+06	209.192945
6911	298	1.00E+06	216.6056325
2197	298	1.00E+06	224.3730734
3526	298	1.00E+06	
3950	298	1.00E+06	
12209	298	1.00E+06	199.2189587
969	298	1.00E+06	217.1172069
9853	298	1.00E+06	204.0070333
12205	298	1.00E+06	
1743	298	1.00E+06	215.3687972
7625	298	1.00E+06	222.9604096
2726	298	1.00E+06	193.1961592
288	298	1.00E+06	147.2355234
3685	298	1.00E+06	189.9594361
1780	298	1.00E+06	65.1475802
4957	298	1.00E+06	97.21563364
5789	298	1.00E+06	204.3949506
11703	298	1.00E+06	218.7036977
5384	298	1.00E+06	214.8820987
6906	298	1.00E+06	204.6301553
13392	298	1.00E+06	217.6399497
220	298	1.00E+06	203.4488655
3557	298	1.00E+06	201.4859027
8159	298	1.00E+06	209.553658
8167	298	1.00E+06	220.3998324
8925	298	1.00E+06	58.06420647
11019	298	1.00E+06	219.9297146
4558	298	1.00E+06	224.7604624
5139	298	1.00E+06	217.7684475
11430	298	1.00E+06	222.0908583
5826	298	1.00E+06	141.0506477
7437	298	1.00E+06	222.2868571
2200	298	1.00E+06	222.7973047
3979	298	1.00E+06	192.9459742
5671	298	1.00E+06	217.4617521
5497	298	1.00E+06	221.5880276
7121	298	1.00E+06	221.3583276
8016	298	1.00E+06	148.4472998
3414	298	1.00E+06	
4593	298	1.00E+06	221.3043586
8366	298	1.00E+06	
11427	298	1.00E+06	221.6819867
667	298	1.00E+06	222.5972138
8352	298	1.00E+06	220.1024741
10291	298	1.00E+06	200.8966721
1290	298	1.00E+06	152.7308424
2106	298	1.00E+06	223.0203681
13267	298	1.00E+06	203.6929657
5664	298	1.00E+06	224.1413572
7046	298	1.00E+06	223.287155
12165	298	1.00E+06	69.79792541
7058	298	1.00E+06	81.11917422
8623	298	1.00E+06	176.7822215
1081	298	1.00E+06	186.77128
13056	298	1.00E+06	166.2376657
9	298	1.00E+06	203.312248
2354	298	1.00E+06	221.4489592
8577	298	1.00E+06	157.6236801
907	298	1.00E+06	173.0814792
4492	298	1.00E+06	225.9691083
4535	298	1.00E+06	225.8819601
977	298	1.00E+06	218.4970147
2257	298	1.00E+06	208.4424926
3317	298	1.00E+06	213.504673
8593	298	1.00E+06	213.7082679
4643	298	1.00E+06	206.6866092
7367	298	1.00E+06	224.4895444
8776	298	1.00E+06	217.2457906
11440	298	1.00E+06	219.6874583
			
5114	298	1.00E+06	179.522509
2586	298	1.00E+06	118.5354043
5608	298	1.00E+06	
6919	298	1.00E+06	202.5349897
11776	298	1.00E+06	150.4524052
12757	298	1.00E+06	216.9379567
8260	298	1.00E+06	214.1897622
1157	298	1.00E+06	205.8104417
3463	298	1.00E+06	195.0324197
9030	298	1.00E+06	213.4378214
2145	298	1.00E+06	221.8865125
7208	298	1.00E+06	209.7223534
			
217	298	1.00E+06	195.3782528
3229	298	1.00E+06	218.8045482
7651	298	1.00E+06	223.8707524
2617	298	1.00E+06	191.2704582
319	298	1.00E+06	203.1533694
6905	298	1.00E+06	223.299935
12634	298	1.00E+06	150.236639
5267	298	1.00E+06	222.655312
9658	298	1.00E+06	215.4005004
1265	298	1.00E+06	201.9878946
13332	298	1.00E+06	219.880737
8428	298	1.00E+06	211.7019509
13097	298	1.00E+06	210.1021801
4785	298	1.00E+06	220.0586844
7333	298	1.00E+06	221.1026959
11573	298	1.00E+06	
5635	298	1.00E+06	109.1272273
6055	298	1.00E+06	220.2746105
11400	298	1.00E+06	204.6794212
1716	298	1.00E+06	226.4439114
8248	298	1.00E+06	217.5098193
12404	298	1.00E+06	218.787918
12577	298	1.00E+06	215.0743788
12685	298	1.00E+06	124.709566
5044	298	1.00E+06	221.8969206
5464	298	1.00E+06	223.115722
9315	298	1.00E+06	201.34645
4491	298	1.00E+06	224.5058987
5802	298	1.00E+06	208.6464278
9789	298	1.00E+06	217.3001442
13199	298	1.00E+06	145.5067101
5332	298	1.00E+06	217.8915353
6494	298	1.00E+06	217.170061
113	298	1.00E+06	201.9584019
4156	298	1.00E+06	86.56865972
4420	298	1.00E+06	
2938	298	1.00E+06	216.2841833
5804	298	1.00E+06	207.5427668
8907	298	1.00E+06	211.2134519
12393	298	1.00E+06	
1341	298	1.00E+06	152.0493364
5366	298	1.00E+06	206.4731728
3517	298	1.00E+06	210.1034284
			
9112	298	1.00E+06	220.247202
11208	298	1.00E+06	217.7230278
11834	298	1.00E+06	208.343421
12218	298	1.00E+06	219.7665275
11807	298	1.00E+06	202.0251616
1194	298	1.00E+06	198.8259992
12920	298	1.00E+06	144.2968033
3310	298	1.00E+06	210.6565048
5477	298	1.00E+06	223.9726583
943	298	1.00E+06	143.5261639
13005	298	1.00E+06	217.2846952
6102	298	1.00E+06	213.6569419
9994	298	1.00E+06	161.1194208
4719	298	1.00E+06	159.7525833
768	298	1.00E+06	216.5657275
920	298	1.00E+06	190.9099381
3657	298	1.00E+06	202.3333865
5330	298	1.00E+06	
9719	298	1.00E+06	71.83546652
2002	298	1.00E+06	204.9905971
2158	298	1.00E+06	215.2383093
4310	298	1.00E+06	225.6081155
5225	298	1.00E+06	225.1069312
6451	298	1.00E+06	219.3798423
8983	298	1.00E+06	207.0482612
11629	298	1.00E+06	211.4470825
4737	298	1.00E+06	210.2042973
9092	298	1.00E+06	213.0220333
13091	298	1.00E+06	214.413534
2678	298	1.00E+06	174.280943
3975	298	1.00E+06	174.3354372
264	298	1.00E+06	57.21869315
8609	298	1.00E+06	
952	298	1.00E+06	175.7580102
4118	298	1.00E+06	0
4479	298	1.00E+06	94.85463323
4799	298	1.00E+06	222.2277638
2138	298	1.00E+06	225.8670215
6455	298	1.00E+06	223.1072785
7705	298	1.00E+06	198.9429584
11599	298	1.00E+06	198.0573026
2694	298	1.00E+06	211.0160274
5623	298	1.00E+06	214.9501183
11254	298	1.00E+06	198.9840764
11435	298	1.00E+06	222.1731357
8291	298	1.00E+06	214.139963
13343	298	1.00E+06	216.1892277
3038	298	1.00E+06	226.3970618
7092	298	1.00E+06	216.1575639
11627	298	1.00E+06	203.682136
6280	298	1.00E+06	220.3175931
7364	298	1.00E+06	224.2251378
2053	298	1.00E+06	223.4665273
6147	298	1.00E+06	
7210	298	1.00E+06	216.1501343
11330	298	1.00E+06	219.4588696
12225	298	1.00E+06	
5023	298	1.00E+06	222.8542152
3862	298	1.00E+06	
7821	298	1.00E+06	211.8748213
9082	298	1.00E+06	203.2934377
12610	298	1.00E+06	215.6309589
4619	298	1.00E+06	222.0976982
9033	298	1.00E+06	210.9133402
11166	298	1.00E+06	215.3699946
11465	298	1.00E+06	224.0208217
7942	298	1.00E+06	215.5550932
1414	298	1.00E+06	126.2983836
2828	298	1.00E+06	165.3117313
7169	298	1.00E+06	220.4237232
11529	298	1.00E+06	214.931304
4804	298	1.00E+06	218.3666015
894	298	1.00E+06	151.3180427
3933	298	1.00E+06	211.5340491
5534	298	1.00E+06	199.5133207
5549	298	1.00E+06	223.927498
187	298	1.00E+06	91.65015885
3417	298	1.00E+06	
8998	298	1.00E+06	217.7952638
10264	298	1.00E+06	69.54206288
4569	298	1.00E+06	216.1025272
6176	298	1.00E+06	226.3052951
10934	298	1.00E+06	215.6203319
12856	298	1.00E+06	218.9901609
8590	298	1.00E+06	211.9235271
1300	298	1.00E+06	137.5510444
90	298	1.00E+06	138.2991583
9990	298	1.00E+06	213.2007034
12377	298	1.00E+06	
7308	298	1.00E+06	225.1320577
9627	298	1.00E+06	197.1920643
1207	298	1.00E+06	210.0479736
3962	298	1.00E+06	
5640	298	1.00E+06	213.8968053
2550	298	1.00E+06	161.9060953
3520	298	1.00E+06	211.1673354
7621	298	1.00E+06	222.2242379
12808	298	1.00E+06	209.7888836
3868	298	1.00E+06	131.513933
5551	298	1.00E+06	225.0334004
10927	298	1.00E+06	219.039616
2848	298	1.00E+06	217.8695181
3672	298	1.00E+06	220.955552
1195	298	1.00E+06	189.0015007
12653	298	1.00E+06	202.9795213
2048	298	1.00E+06	196.9149566
2641	298	1.00E+06	193.2469061
8003	298	1.00E+06	207.2751667
9819	298	1.00E+06	194.2243844
3989	298	1.00E+06	198.575929
7449	298	1.00E+06	222.5730147
7531	298	1.00E+06	108.4341796
11064	298	1.00E+06	215.6349841
11854	298	1.00E+06	215.7788035
9653	298	1.00E+06	212.7284049
12972	298	1.00E+06	114.1711229
6894	298	1.00E+06	224.3567091
7914	298	1.00E+06	216.9874713
12394	298	1.00E+06	
5878	298	1.00E+06	173.2156008
8122	298	1.00E+06	220.0038166
108	298	1.00E+06	144.049213
4810	298	1.00E+06	209.0854643
6056	298	1.00E+06	224.160339
13504	298	1.00E+06	219.7612509
6138	298	1.00E+06	223.7618577
7325	298	1.00E+06	220.3792104
5372	298	1.00E+06	218.1711382
6515	298	1.00E+06	224.5292941
7707	298	1.00E+06	223.4808431
5996	298	1.00E+06	206.4367996
950	298	1.00E+06	175.3580934
9880	298	1.00E+06	220.4796901
11511	298	1.00E+06	221.5031275
5328	298	1.00E+06	223.4496311
6026	298	1.00E+06	177.922615
13175	298	1.00E+06	210.4875528
2518	298	1.00E+06	216.2309817
5990	298	1.00E+06	117.5107671
			
8469	298	1.00E+06	102.3092035
9987	298	1.00E+06	217.9299967
11556	298	1.00E+06	216.174979
6108	298	1.00E+06	213.4571828
6406	298	1.00E+06	215.6946955
11607	298	1.00E+06	213.4169734
815	298	1.00E+06	203.8818195
9952	298	1.00E+06	211.8347819
11380	298	1.00E+06	223.4136903
5550	298	1.00E+06	223.8022105
6461	298	1.00E+06	223.4974829
1252	298	1.00E+06	196.0456129
1748	298	1.00E+06	221.7622065
3337	298	1.00E+06	220.3794836
318	298	1.00E+06	192.0398572
3277	298	1.00E+06	216.8383673
8148	298	1.00E+06	142.7772438
13426	298	1.00E+06	218.1094326
3249	298	1.00E+06	96.38692241
4912	298	1.00E+06	205.9342415
4406	298	1.00E+06	225.1505555
5474	298	1.00E+06	224.1168353
7369	298	1.00E+06	222.5283577
13135	298	1.00E+06	223.2093046
4618	298	1.00E+06	221.8795737
7892	298	1.00E+06	196.817543
6910	298	1.00E+06	218.2481005
8598	298	1.00E+06	214.6467004
9587	298	1.00E+06	199.2697385
1799	298	1.00E+06	225.4150644
1839	298	1.00E+06	221.5495932
3723	298	1.00E+06	178.9589237
11698	298	1.00E+06	219.107194
13438	298	1.00E+06	214.8116077
5574	298	1.00E+06	218.7987593
11233	298	1.00E+06	205.9867113
11280	298	1.00E+06	219.6805791
7913	298	1.00E+06	209.6570219
10925	298	1.00E+06	222.2957049
13271	298	1.00E+06	192.1731684
9459	298	1.00E+06	211.3022358
11818	298	1.00E+06	145.7171329
13422	298	1.00E+06	216.0229824
7072	298	1.00E+06	219.2241004
2368	298	1.00E+06	168.9610767
6076	298	1.00E+06	224.8286973
9485	298	1.00E+06	191.4294871
11694	298	1.00E+06	214.9386081
7466	298	1.00E+06	213.7747268
747	298	1.00E+06	49.67455925
1068	298	1.00E+06	170.4434867
7643	298	1.00E+06	221.4822468
9624	298	1.00E+06	123.3302463
3942	298	1.00E+06	
4966	298	1.00E+06	199.6867134
6084	298	1.00E+06	223.6978252
11362	298	1.00E+06	220.8939573
3203	298	1.00E+06	152.3810725
6153	298	1.00E+06	223.7408182
11642	298	1.00E+06	195.9992104
6834	298	1.00E+06	216.9714871
872	298	1.00E+06	187.9047357
11069	298	1.00E+06	199.071298
12312	298	1.00E+06	223.4692367
1718	298	1.00E+06	208.015187
11080	298	1.00E+06	219.8933564
11473	298	1.00E+06	209.231974
3891	298	1.00E+06	208.0954885
329	298	1.00E+06	99.63028381
3598	298	1.00E+06	211.8870789
613	298	1.00E+06	224.4457615
12704	298	1.00E+06	177.7751673
12990	298	1.00E+06	217.4860503
5781	298	1.00E+06	184.6932883
1714	298	1.00E+06	219.9069478
3656	298	1.00E+06	219.744444
7385	298	1.00E+06	213.696646
2715	298	1.00E+06	127.8402069
3002	298	1.00E+06	223.012567
8810	298	1.00E+06	
4370	298	1.00E+06	
5568	298	1.00E+06	223.3959955
9871	298	1.00E+06	221.271346
10063	298	1.00E+06	219.2929371
13425	298	1.00E+06	214.9234661
7285	298	1.00E+06	220.9569015
185	298	1.00E+06	71.90479888
3000	298	1.00E+06	218.728558
4530	298	1.00E+06	220.5885042
11805	298	1.00E+06	163.1576053
13251	298	1.00E+06	147.9114045
9074	298	1.00E+06	200.2502798
2770	298	1.00E+06	117.2150389
5884	298	1.00E+06	188.0654888
9366	298	1.00E+06	216.87175
13342	298	1.00E+06	216.4149585
5066	298	1.00E+06	208.5105674
8829	298	1.00E+06	205.1355747
13046	298	1.00E+06	212.1536222
7889	298	1.00E+06	198.2977058
8302	298	1.00E+06	221.7834767
11358	298	1.00E+06	215.9081071
2531	298	1.00E+06	220.3224846
3222	298	1.00E+06	214.2765273
12657	298	1.00E+06	209.6675732
2249	298	1.00E+06	222.5065327
2695	298	1.00E+06	116.4544108
11129	298	1.00E+06	224.1967307
12910	298	1.00E+06	216.418169
6516	298	1.00E+06	225.4989658
11278	298	1.00E+06	217.1968277
5333	298	1.00E+06	220.931989
8725	298	1.00E+06	214.4816305
3751	298	1.00E+06	164.9413928
4435	298	1.00E+06	219.3806458
8261	298	1.00E+06	220.117225
12768	298	1.00E+06	212.40955
8255	298	1.00E+06	219.1049904
8473	298	1.00E+06	83.49806728
1103	298	1.00E+06	202.6089622
5297	298	1.00E+06	205.9111482
7095	298	1.00E+06	217.9522229
10155	298	1.00E+06	198.7814317
10309	298	1.00E+06	76.45858092
12364	298	1.00E+06	218.5106167
11270	298	1.00E+06	207.0295466
7052	298	1.00E+06	217.1160562
7805	298	1.00E+06	224.5560119
11797	298	1.00E+06	213.4775065
5916	298	1.00E+06	137.2734147
7388	298	1.00E+06	101.2156444
2928	298	1.00E+06	210.8624849
2996	298	1.00E+06	222.2282567
3988	298	1.00E+06	205.7976717
13232	298	1.00E+06	192.7307088
5844	298	1.00E+06	199.4364493
6418	298	1.00E+06	221.8159262
6078	298	1.00E+06	225.0501218
830	298	1.00E+06	204.4060788
8723	298	1.00E+06	206.8557167
11683	298	1.00E+06	146.9012693
5540	298	1.00E+06	216.1425351
6322	298	1.00E+06	222.9295725
12395	298	1.00E+06	
5627	298	1.00E+06	171.5292852
7157	298	1.00E+06	176.1400145
11265	298	1.00E+06	220.1214271
273	298	1.00E+06	11.45602287
6433	298	1.00E+06	222.3932371
1869	298	1.00E+06	
306	298	1.00E+06	150.2934823
9170	298	1.00E+06	216.1544952
6120	298	1.00E+06	226.6732121
9367	298	1.00E+06	144.4985323
9463	298	1.00E+06	183.0030822
4595	298	1.00E+06	226.9007999
			
			
13008	298	1.00E+06	221.0669923
13409	298	1.00E+06	206.5038224
213	298	1.00E+06	181.9584796
103	298	1.00E+06	135.7207563
12569	298	1.00E+06	213.955869
3424	298	1.00E+06	
2215	298	1.00E+06	217.9081968
2822	298	1.00E+06	194.8337086
9236	298	1.00E+06	217.9870317
1382	298	1.00E+06	205.4527427
593	298	1.00E+06	217.4677879
8936	298	1.00E+06	196.7532982
13087	298	1.00E+06	216.116551
242	298	1.00E+06	198.5707257
3479	298	1.00E+06	
11850	298	1.00E+06	217.7559398
597	298	1.00E+06	211.1049646
6379	298	1.00E+06	185.5230369
11431	298	1.00E+06	218.9703557
8169	298	1.00E+06	219.6228941
9496	298	1.00E+06	210.1267887
1076	298	1.00E+06	157.1298761
1245	298	1.00E+06	180.202904
6313	298	1.00E+06	224.1193307
1247	298	1.00E+06	211.5663685
2708	298	1.00E+06	217.5142314
3716	298	1.00E+06	
13433	298	1.00E+06	219.1176954
9361	298	1.00E+06	211.3762523
9504	298	1.00E+06	216.5396397
1098	298	1.00E+06	155.6466096
12623	298	1.00E+06	218.6750757
5638	298	1.00E+06	207.2387558
4713	298	1.00E+06	219.3289444
565	298	1.00E+06	218.2434501
7235	298	1.00E+06	225.3209266
2891	298	1.00E+06	221.0069957
5508	298	1.00E+06	225.6734841
6442	298	1.00E+06	176.6189132
11752	298	1.00E+06	218.6447488
5355	298	1.00E+06	147.1350487
8210	298	1.00E+06	188.9880544
10295	298	1.00E+06	
210	298	1.00E+06	125.0185439
672	298	1.00E+06	221.392716
12978	298	1.00E+06	191.5832712
3856	298	1.00E+06	211.3950825
8779	298	1.00E+06	
11660	298	1.00E+06	218.5968693
2821	298	1.00E+06	192.2424163
7815	298	1.00E+06	219.944497
12554	298	1.00E+06	196.5778676
3936	298	1.00E+06	
6121	298	1.00E+06	226.9803085
10056	298	1.00E+06	223.6581613
1962	298	1.00E+06	216.0590066
7237	298	1.00E+06	223.8260218
12234	298	1.00E+06	
6415	298	1.00E+06	132.1961353
7734	298	1.00E+06	219.2946801
271	298	1.00E+06	203.8990101
6262	298	1.00E+06	222.6043484
9806	298	1.00E+06	214.5693682
2326	298	1.00E+06	221.1327574
5631	298	1.00E+06	208.8962278
5823	298	1.00E+06	164.8859966
1180	298	1.00E+06	167.9875725
6966	298	1.00E+06	207.2363124
7027	298	1.00E+06	225.9380734
2055	298	1.00E+06	226.5507206
6180	298	1.00E+06	225.9217442
8297	298	1.00E+06	220.3783423
49	298	1.00E+06	124.1187732
800	298	1.00E+06	224.620422
8412	298	1.00E+06	204.6857805
12356	298	1.00E+06	218.1198154
7512	298	1.00E+06	223.6637796
8780	298	1.00E+06	203.2347404
4339	298	1.00E+06	192.9685233
5076	298	1.00E+06	219.7808692
8183	298	1.00E+06	170.674473
1143	298	1.00E+06	153.1357411
3368	298	1.00E+06	205.7596786
4937	298	1.00E+06	191.6733724
6048	298	1.00E+06	183.8130516
6162	298	1.00E+06	224.1483789
8668	298	1.00E+06	192.5616778
1429	298	1.00E+06	198.1449077
8894	298	1.00E+06	202.6571067
9185	298	1.00E+06	218.2480136
1736	298	1.00E+06	75.18311383
3760	298	1.00E+06	225.0585918
9533	298	1.00E+06	190.4875441
5743	298	1.00E+06	198.1109267
623	298	1.00E+06	215.5155915
7648	298	1.00E+06	224.4517637
12857	298	1.00E+06	218.0038965
4280	298	1.00E+06	224.3069793
7610	298	1.00E+06	218.393419
211	298	1.00E+06	190.3678404
4180	298	1.00E+06	186.1865182
739	298	1.00E+06	107.7918294
1188	298	1.00E+06	146.90529
5382	298	1.00E+06	217.6481958
8452	298	1.00E+06	181.4936506
12612	298	1.00E+06	216.3096079
2405	298	1.00E+06	193.4408832
4914	298	1.00E+06	195.3523998
1397	298	1.00E+06	165.9197387
6413	298	1.00E+06	217.7338114
9613	298	1.00E+06	212.2007629
1701	298	1.00E+06	225.2764807
7145	298	1.00E+06	223.1873856
8309	298	1.00E+06	218.2073411
1785	298	1.00E+06	64.34610453
3644	298	1.00E+06	120.0628969
9342	298	1.00E+06	137.6958347
5	298	1.00E+06	185.4499723
6230	298	1.00E+06	222.6849339
9699	298	1.00E+06	103.0309784
1876	298	1.00E+06	61.71177487
4575	298	1.00E+06	203.247542
4706	298	1.00E+06	213.5290641
2204	298	1.00E+06	214.1277927
7302	298	1.00E+06	226.6102665
846	298	1.00E+06	178.303731
11065	298	1.00E+06	215.1768637
6482	298	1.00E+06	
992	298	1.00E+06	200.1516415
10075	298	1.00E+06	222.3326601
12348	298	1.00E+06	
9010	298	1.00E+06	220.4955042
10218	298	1.00E+06	
11217	298	1.00E+06	219.2316786
6015	298	1.00E+06	98.83142498
11835	298	1.00E+06	157.6662415
2372	298	1.00E+06	171.9022147
5542	298	1.00E+06	218.4967541
11130	298	1.00E+06	223.9907084
150	298	1.00E+06	170.9259343
3818	298	1.00E+06	
11149	298	1.00E+06	220.1300991
3262	298	1.00E+06	205.5671295
7933	298	1.00E+06	210.8641701
3170	298	1.00E+06	209.4895003
8098	298	1.00E+06	182.3642861
9332	298	1.00E+06	214.5849505
4596	298	1.00E+06	224.3899143
5013	298	1.00E+06	218.4643701
694	298	1.00E+06	117.6631416
4651	298	1.00E+06	204.3343151
751	298	1.00E+06	226.3102136
9825	298	1.00E+06	223.2305823
10956	298	1.00E+06	219.8757308
5347	298	1.00E+06	217.3893176
7681	298	1.00E+06	185.7790641
7078	298	1.00E+06	224.6162606
8224	298	1.00E+06	151.3411908
9707	298	1.00E+06	103.179311
12650	298	1.00E+06	193.5014241
4657	298	1.00E+06	218.2536264
7642	298	1.00E+06	216.2182723
12557	298	1.00E+06	204.0349904
12875	298	1.00E+06	215.377877
5358	298	1.00E+06	224.9698695
			
3899	298	1.00E+06	
4755	298	1.00E+06	211.9921212
12983	298	1.00E+06	202.383336
4465	298	1.00E+06	205.4017897
7860	298	1.00E+06	219.0673057
2205	298	1.00E+06	216.7468875
7976	298	1.00E+06	187.141134
8700	298	1.00E+06	
12609	298	1.00E+06	212.3346841
2038	298	1.00E+06	222.9295156
9975	298	1.00E+06	217.0702609
11312	298	1.00E+06	214.0491177
2864	298	1.00E+06	152.9058683
9511	298	1.00E+06	182.5656664
11504	298	1.00E+06	219.6602175
166	298	1.00E+06	193.5659609
871	298	1.00E+06	201.9804393
2268	298	1.00E+06	226.4424055
5431	298	1.00E+06	217.191862
5944	298	1.00E+06	189.8010826
13113	298	1.00E+06	118.6220449
1461	298	1.00E+06	157.3991736
3051	298	1.00E+06	195.8114272
4451	298	1.00E+06	225.7493571
7718	298	1.00E+06	224.8845651
9796	298	1.00E+06	218.1402656
11436	298	1.00E+06	209.5654262
13341	298	1.00E+06	215.7572207
6390	298	1.00E+06	161.5427883
1914	298	1.00E+06	
7262	298	1.00E+06	202.4759047
9037	298	1.00E+06	219.9331531
1405	298	1.00E+06	145.8569431
1988	298	1.00E+06	215.1971173
5547	298	1.00E+06	209.6289152
13276	298	1.00E+06	211.3881413
5586	298	1.00E+06	208.3429585
8527	298	1.00E+06	191.3557311
2564	298	1.00E+06	207.8292897
4664	298	1.00E+06	223.7588746
7249	298	1.00E+06	189.2976267
11275	298	1.00E+06	219.9719497
5291	298	1.00E+06	194.991971
6290	298	1.00E+06	216.6686427
10022	298	1.00E+06	220.2165277
11071	298	1.00E+06	200.3078114
5493	298	1.00E+06	219.4388552
12339	298	1.00E+06	
2393	298	1.00E+06	203.075108
3133	298	1.00E+06	209.2352532
12955	298	1.00E+06	180.2652079
5622	298	1.00E+06	219.1870136
967	298	1.00E+06	214.3774302
12563	298	1.00E+06	212.4222789
6047	298	1.00E+06	221.0604581
926	298	1.00E+06	168.9217975
1274	298	1.00E+06	170.5366555
1437	298	1.00E+06	202.7720689
6277	298	1.00E+06	220.2155741
2869	298	1.00E+06	199.0962769
7079	298	1.00E+06	224.4446088
73	298	1.00E+06	199.9225937
11659	298	1.00E+06	219.0417474
12579	298	1.00E+06	218.9838634
6955	298	1.00E+06	222.2651062
1766	298	1.00E+06	224.6273326
6148	298	1.00E+06	223.5261106
757	298	1.00E+06	224.2049294
10055	298	1.00E+06	220.7217943
4094	298	1.00E+06	198.7573788
604	298	1.00E+06	77.8053343
11322	298	1.00E+06	221.5786422
2352	298	1.00E+06	222.5445087
6383	298	1.00E+06	225.3292555
259	298	1.00E+06	81.32285409
5868	298	1.00E+06	144.8900365
7256	298	1.00E+06	220.6236046
7721	298	1.00E+06	222.9404819
8193	298	1.00E+06	197.2659855
9857	298	1.00E+06	108.0728902
11476	298	1.00E+06	222.0902752
11478	298	1.00E+06	220.5809665
8392	298	1.00E+06	219.8614884
2325	298	1.00E+06	224.6651555
2532	298	1.00E+06	195.8600024
7656	298	1.00E+06	224.915163
12344	298	1.00E+06	
218	298	1.00E+06	202.8580205
2589	298	1.00E+06	82.87467699
5136	298	1.00E+06	194.352036
7068	298	1.00E+06	221.6250213
9327	298	1.00E+06	213.3190631
7518	298	1.00E+06	219.0916971
8108	298	1.00E+06	217.1227006
9147	298	1.00E+06	164.5250091
11140	298	1.00E+06	222.303969
3509	298	1.00E+06	206.8947203
5245	298	1.00E+06	203.1949327
2748	298	1.00E+06	220.9153081
3073	298	1.00E+06	213.3586956
9618	298	1.00E+06	200.7762723
13350	298	1.00E+06	210.6441936
4879	298	1.00E+06	220.6231236
6530	298	1.00E+06	
1981	298	1.00E+06	224.0407145
6215	298	1.00E+06	226.2946199
9378	298	1.00E+06	163.4901932
3088	298	1.00E+06	216.3224373
4601	298	1.00E+06	
5511	298	1.00E+06	222.8542187
13062	298	1.00E+06	219.2942853
680	298	1.00E+06	221.1200723
7034	298	1.00E+06	224.1494478
2950	298	1.00E+06	219.5512033
5027	298	1.00E+06	188.744616
6348	298	1.00E+06	214.6700457
2208	298	1.00E+06	209.5821718
4609	298	1.00E+06	
6233	298	1.00E+06	
1175	298	1.00E+06	171.6981212
12986	298	1.00E+06	215.3730744
9629	298	1.00E+06	198.6451573
11466	298	1.00E+06	223.7024357
8387	298	1.00E+06	211.9487337
993	298	1.00E+06	211.9561329
12717	298	1.00E+06	215.1823961
3157	298	1.00E+06	181.0630476
3884	298	1.00E+06	165.0784933
1007	298	1.00E+06	216.8592579
11713	298	1.00E+06	212.2762029
3504	298	1.00E+06	206.3563872
2312	298	1.00E+06	223.3298335
598	298	1.00E+06	202.0128243
6083	298	1.00E+06	225.9456838
2751	298	1.00E+06	219.4471034
7148	298	1.00E+06	218.9404159
9199	298	1.00E+06	194.1936043
10158	298	1.00E+06	199.7034684
1261	298	1.00E+06	199.0581206
2143	298	1.00E+06	224.1687047
3808	298	1.00E+06	
7706	298	1.00E+06	221.9756944
8085	298	1.00E+06	214.7583839
1937	298	1.00E+06	225.5564738
2070	298	1.00E+06	207.9314469
5895	298	1.00E+06	207.1421657
5810	298	1.00E+06	211.5968202
7162	298	1.00E+06	208.6409602
7934	298	1.00E+06	210.6953504
11523	298	1.00E+06	218.1766287
5280	298	1.00E+06	224.5007588
9296	298	1.00E+06	89.58902424
2934	298	1.00E+06	215.5522909
5032	298	1.00E+06	196.3979799
7118	298	1.00E+06	211.1542976
13402	298	1.00E+06	152.6806363
1386	298	1.00E+06	206.9401583
9944	298	1.00E+06	214.0556023
19	298	1.00E+06	208.4596179
3532	298	1.00E+06	107.9674845
3901	298	1.00E+06	
4395	298	1.00E+06	226.370905
4903	298	1.00E+06	216.6540347
5369	298	1.00E+06	222.6423352
11320	298	1.00E+06	220.111463
2109	298	1.00E+06	221.6445719
3427	298	1.00E+06	
13096	298	1.00E+06	209.5290601
5346	298	1.00E+06	120.251466
5970	298	1.00E+06	109.1580633
12703	298	1.00E+06	218.4829399
12772	298	1.00E+06	206.1104325
12860	298	1.00E+06	216.4729279
13248	298	1.00E+06	149.8624097
2756	298	1.00E+06	220.3267719
7811	298	1.00E+06	225.2967545
1295	298	1.00E+06	147.8387214
2709	298	1.00E+06	213.5761111
7750	298	1.00E+06	223.523288
2901	298	1.00E+06	219.005711
4143	298	1.00E+06	203.3052762
8661	298	1.00E+06	
2356	298	1.00E+06	62.86944197
2817	298	1.00E+06	97.97697647
6971	298	1.00E+06	219.5730099
2675	298	1.00E+06	119.1491577
7757	298	1.00E+06	225.4312248
9943	298	1.00E+06	216.0218323
5145	298	1.00E+06	187.7801823
5677	298	1.00E+06	118.0991189
7635	298	1.00E+06	177.7452556
2428	298	1.00E+06	221.3722686
6378	298	1.00E+06	224.7054003
8360	298	1.00E+06	211.9644742
12830	298	1.00E+06	116.745759
6287	298	1.00E+06	218.553904
9892	298	1.00E+06	201.761563
11163	298	1.00E+06	177.9521267
1339	298	1.00E+06	148.2400036
5899	298	1.00E+06	209.6031469
4306	298	1.00E+06	226.3717053
4930	298	1.00E+06	208.747175
5166	298	1.00E+06	217.531639
3152	298	1.00E+06	133.5922355
5982	298	1.00E+06	186.875463
9016	298	1.00E+06	194.2591424
11587	298	1.00E+06	210.2422032
1323	298	1.00E+06	185.5846515
7446	298	1.00E+06	223.8398514
12718	298	1.00E+06	220.9346965
2169	298	1.00E+06	221.05029
7675	298	1.00E+06	220.573718
11328	298	1.00E+06	223.0716676
1376	298	1.00E+06	212.0904222
3120	298	1.00E+06	200.0505358
13462	298	1.00E+06	162.4408246
1351	298	1.00E+06	129.5678807
1380	298	1.00E+06	200.9144996
11381	298	1.00E+06	222.7334549
8027	298	1.00E+06	184.8022197
9506	298	1.00E+06	214.9119089
11155	298	1.00E+06	178.7912917
3946	298	1.00E+06	
9702	298	1.00E+06	113.6319681
13053	298	1.00E+06	149.1600368
6349	298	1.00E+06	202.7723237
7018	298	1.00E+06	220.8822093
3115	298	1.00E+06	204.2046899
3538	298	1.00E+06	73.66271012
3947	298	1.00E+06	
11022	298	1.00E+06	218.7794432
7415	298	1.00E+06	222.7161861
8650	298	1.00E+06	
1704	298	1.00E+06	226.7307582
779	298	1.00E+06	106.4073782
			
11444	298	1.00E+06	214.3307387
4468	298	1.00E+06	219.7301945
8826	298	1.00E+06	202.8007694
9003	298	1.00E+06	218.1614155
9041	298	1.00E+06	222.1366856
9420	298	1.00E+06	213.7607742
3633	298	1.00E+06	0
6030	298	1.00E+06	221.1872909
6060	298	1.00E+06	199.6507737
3204	298	1.00E+06	174.757246
8701	298	1.00E+06	215.043483
930	298	1.00E+06	163.0565619
247	298	1.00E+06	196.1438605
5812	298	1.00E+06	208.3535118
9807	298	1.00E+06	205.1496638
3572	298	1.00E+06	222.2295226
7211	298	1.00E+06	221.3576562
963	298	1.00E+06	217.240531
7117	298	1.00E+06	190.6936192
9140	298	1.00E+06	93.17586548
9228	298	1.00E+06	188.7152804
10212	298	1.00E+06	88.01061719
1273	298	1.00E+06	169.46376
8018	298	1.00E+06	202.1246427
2710	298	1.00E+06	221.4351467
4720	298	1.00E+06	124.3607317
5855	298	1.00E+06	202.744524
11794	298	1.00E+06	215.1630299
1964	298	1.00E+06	211.8935644
5522	298	1.00E+06	224.3081433
11375	298	1.00E+06	225.1151488
2369	298	1.00E+06	169.9050539
316	298	1.00E+06	193.8026802
2263	298	1.00E+06	223.2146499
2701	298	1.00E+06	215.0811386
2932	298	1.00E+06	212.0525856
11242	298	1.00E+06	219.1598541
5745	298	1.00E+06	199.7958661
7991	298	1.00E+06	198.0794173
2013	298	1.00E+06	222.5410096
5816	298	1.00E+06	214.2670958
6305	298	1.00E+06	211.8400941
10929	298	1.00E+06	220.9183512
4970	298	1.00E+06	196.886778
8029	298	1.00E+06	217.8820006
1751	298	1.00E+06	223.7700044
4641	298	1.00E+06	206.7978088
8465	298	1.00E+06	
5120	298	1.00E+06	221.4705069
6067	298	1.00E+06	215.9270605
11290	298	1.00E+06	216.6664667
3487	298	1.00E+06	184.2350839
7638	298	1.00E+06	209.6752933
3104	298	1.00E+06	160.0531117
4111	298	1.00E+06	58.97364581
9449	298	1.00E+06	211.3551983
1138	298	1.00E+06	167.0570325
12628	298	1.00E+06	217.8727212
5834	298	1.00E+06	195.2077647
12877	298	1.00E+06	205.2237576
3232	298	1.00E+06	213.7230903
6501	298	1.00E+06	222.6863718
3929	298	1.00E+06	211.1011218
8490	298	1.00E+06	215.6892189
9468	298	1.00E+06	217.1264122
13196	298	1.00E+06	155.2199916
2214	298	1.00E+06	210.6833957
5248	298	1.00E+06	153.7709733
10960	298	1.00E+06	219.7645601
5006	298	1.00E+06	102.3525785
6449	298	1.00E+06	215.4573319
1928	298	1.00E+06	54.26942299
9051	298	1.00E+06	211.4340352
9855	298	1.00E+06	117.8858373
11460	298	1.00E+06	220.6631698
3154	298	1.00E+06	155.786311
7327	298	1.00E+06	218.0901796
4725	298	1.00E+06	221.4572487
8141	298	1.00E+06	
8317	298	1.00E+06	200.0415827
11089	298	1.00E+06	190.1788735
11202	298	1.00E+06	206.1624088
12661	298	1.00E+06	209.1521926
10210	298	1.00E+06	97.35363934
11636	298	1.00E+06	137.4913625
13159	298	1.00E+06	218.4657793
11119	298	1.00E+06	208.3015069
4784	298	1.00E+06	223.6779377
974	298	1.00E+06	191.3054164
1416	298	1.00E+06	165.626183
2614	298	1.00E+06	220.0297571
6973	298	1.00E+06	220.9725575
4315	298	1.00E+06	192.3611816
4571	298	1.00E+06	215.1499868
4714	298	1.00E+06	217.3053029
10257	298	1.00E+06	91.72051839
4046	298	1.00E+06	195.0740801
6940	298	1.00E+06	220.5455837
11554	298	1.00E+06	218.1270926
2468	298	1.00E+06	221.7732138
5302	298	1.00E+06	219.0886151
11761	298	1.00E+06	201.9843762
4941	298	1.00E+06	210.2454657
8714	298	1.00E+06	
12935	298	1.00E+06	185.9376461
4923	298	1.00E+06	197.3647542
5167	298	1.00E+06	221.1999197
			
2634	298	1.00E+06	150.9841679
11814	298	1.00E+06	147.0028614
10047	298	1.00E+06	220.7070212
8822	298	1.00E+06	150.8495255
11001	298	1.00E+06	170.1157194
6826	298	1.00E+06	183.175454
5475	298	1.00E+06	224.3018676
4342	298	1.00E+06	212.9591362
3020	298	1.00E+06	189.1539754
4678	298	1.00E+06	203.1072293
5498	298	1.00E+06	225.6199594
13235	298	1.00E+06	213.1920776
2470	298	1.00E+06	220.0445263
1373	298	1.00E+06	209.3878028
4171	298	1.00E+06	195.5835795
13503	298	1.00E+06	214.3990265
2413	298	1.00E+06	220.0539336
13228	298	1.00E+06	213.2005564
4625	298	1.00E+06	103.0858455
9043	298	1.00E+06	222.2094224
5995	298	1.00E+06	205.8473081
7442	298	1.00E+06	219.0701774
3847	298	1.00E+06	96.74636266
10011	298	1.00E+06	223.1231098
9443	298	1.00E+06	188.6825279
1101	298	1.00E+06	198.7339936
10150	298	1.00E+06	191.3034178
1424	298	1.00E+06	203.9485769
1147	298	1.00E+06	204.5260576
6890	298	1.00E+06	224.3979844
6296	298	1.00E+06	92.38309245
5725	298	1.00E+06	178.0950683
3628	298	1.00E+06	155.4860204
11258	298	1.00E+06	208.9828099
10060	298	1.00E+06	220.3279071
5057	298	1.00E+06	212.7790561
11745	298	1.00E+06	217.0151831
4258	298	1.00E+06	222.4576365
9453	298	1.00E+06	212.0075498
5711	298	1.00E+06	218.9798713
8199	298	1.00E+06	217.829272
9690	298	1.00E+06	214.9148566
1756	298	1.00E+06	225.1405401
13454	298	1.00E+06	211.6519937
4716	298	1.00E+06	105.8981257
86	298	1.00E+06	202.8952391
2140	298	1.00E+06	221.2030747
75	298	1.00E+06	201.8030764
691	298	1.00E+06	146.1208899
2230	298	1.00E+06	220.7936353
3323	298	1.00E+06	213.937909
1840	298	1.00E+06	216.098607
9785	298	1.00E+06	223.4708785
2418	298	1.00E+06	220.0963536
3264	298	1.00E+06	207.9130993
3041	298	1.00E+06	224.2984283
11538	298	1.00E+06	88.58683063
4787	298	1.00E+06	224.1433012
7298	298	1.00E+06	194.5623486
1027	298	1.00E+06	179.4266263
5035	298	1.00E+06	205.3253501
2856	298	1.00E+06	217.545857
7150	298	1.00E+06	143.7787345
10954	298	1.00E+06	218.0547432
7412	298	1.00E+06	222.7368125
9569	298	1.00E+06	216.0841107
6535	298	1.00E+06	199.2713859
11097	298	1.00E+06	216.6199898
2173	298	1.00E+06	220.8767212
11567	298	1.00E+06	221.5152541
7324	298	1.00E+06	221.8714785
12845	298	1.00E+06	214.0527803
10940	298	1.00E+06	219.3338783
3	298	1.00E+06	179.3931769
2167	298	1.00E+06	224.8491695
2628	298	1.00E+06	164.2101291
12560	298	1.00E+06	152.3885625
3158	298	1.00E+06	191.3548599
5500	298	1.00E+06	223.7702386
2982	298	1.00E+06	220.777806
13435	298	1.00E+06	218.7862814
6315	298	1.00E+06	223.7446409
4388	298	1.00E+06	211.9014863
2772	298	1.00E+06	150.9432114
7704	298	1.00E+06	226.0606566
7715	298	1.00E+06	226.0655563
11039	298	1.00E+06	167.0764619
2185	298	1.00E+06	220.7597075
13103	298	1.00E+06	197.2639144
9630	298	1.00E+06	202.50058
3341	298	1.00E+06	176.9946482