ID	Temp	Pres	Molec_cm3overcm3
12616	298	100000	9.538140868
2268	298	100000	31.11694174
8329	298	100000	5.582767325
11735	298	100000	86.11172054
1981	298	100000	20.37465542
5106	298	100000	90.89418934
11994	298	100000	8.914925617
12812	298	100000	13.59700692
1303	298	100000	7.374669618
2094	298	100000	21.14605997
453	298	100000	18.20461997
7403	298	100000	23.33214444
3028	298	100000	12.09147246
7439	298	100000	37.00142382
9988	298	100000	7.944234871
12376	298	100000	3.434766219
			
9700	298	100000	3.741299104
6342	298	100000	5.37815931
8103	298	100000	4.287655919
910	298	100000	56.07168611
1470	298	100000	6.711787535
7466	298	100000	5.759313329
8287	298	100000	114.2657725
10519	298	100000	2.664459206
11968	298	100000	4.060613662
7510	298	100000	6.519663098
1634	298	100000	5.066552597
2216	298	100000	101.318094
4060	298	100000	0
3375	298	100000	128.5356111
4236	298	100000	15.28857548
5993	298	100000	149.713327
4859	298	100000	57.02666933
6243	298	100000	6.53837966
7013	298	100000	86.20247435
11416	298	100000	29.74310438
12310	298	100000	45.15421318
4392	298	100000	37.37332788
1278	298	100000	51.12074154
199	298	100000	125.4316445
7007	298	100000	5.823195923
3753	298	100000	141.942436
3755	298	100000	81.89902278
838	298	100000	13.05314827
4824	298	100000	17.98693705
7785	298	100000	28.54799232
8444	298	100000	32.78290958
2384	298	100000	154.5993614
2409	298	100000	96.73083081
9956	298	100000	86.90880819
13095	298	100000	12.31148084
3939	298	100000	12.7526862
4757	298	100000	10.52719197
4580	298	100000	20.66172551
5939	298	100000	95.41755278
8470	298	100000	7.311477962
12696	298	100000	117.9818686
1519	298	100000	16.37420123
7348	298	100000	52.59040361
10234	298	100000	7.735436831
5528	298	100000	7.833805279
5980	298	100000	154.2794093
10595	298	100000	5.674115796
5201	298	100000	162.109698
8149	298	100000	10.44731907
11665	298	100000	97.97861073
7610	298	100000	12.49342306
9357	298	100000	64.80073634
10038	298	100000	40.46435638
10322	298	100000	14.68353397
3151	298	100000	109.2504517
1748	298	100000	10.49337515
3471	298	100000	27.22194243
5085	298	100000	6.604356153
11754	298	100000	46.39754554
285	298	100000	102.8124747
3232	298	100000	57.48116933
11080	298	100000	25.99486518
448	298	100000	3.097538164
6616	298	100000	4.688173803
2248	298	100000	5.4155618
6128	298	100000	14.65586404
9021	298	100000	154.3699097
10554	298	100000	3.07078056
1469	298	100000	3.554528701
7159	298	100000	144.7845963
4100	298	100000	151.2446705
6447	298	100000	145.8145004
8273	298	100000	13.98899483
5631	298	100000	104.9925136
6718	298	100000	5.149705849
7074	298	100000	14.9340059
10981	298	100000	80.26267518
11296	298	100000	8.295771882
2622	298	100000	19.86743967
1131	298	100000	52.17267007
1794	298	100000	29.02111991
446	298	100000	6.371951742
12801	298	100000	33.03389804
2453	298	100000	106.7217272
409	298	100000	2.815109998
12820	298	100000	11.91890375
2883	298	100000	21.88075311
4059	298	100000	0
11933	298	100000	14.34245265
1578	298	100000	7.000374534
2244	298	100000	11.63939094
6791	298	100000	16.6289155
8161	298	100000	65.55613662
9614	298	100000	23.75717603
10844	298	100000	2.570579414
11316	298	100000	38.73136048
9985	298	100000	5.354357975
2048	298	100000	171.2305542
4863	298	100000	0.005807594
8929	298	100000	148.9749774
339	298	100000	5.090717339
3402	298	100000	23.62639998
6566	298	100000	7.91000112
3972	298	100000	144.4587037
4626	298	100000	118.1585446
7215	298	100000	27.66727904
3708	298	100000	11.71440042
6024	298	100000	115.307501
6421	298	100000	7.563893652
10475	298	100000	2.527892838
4558	298	100000	8.249319184
6686	298	100000	10.78441854
10389	298	100000	4.276520885
59	298	100000	98.70936743
7933	298	100000	53.80039565
10738	298	100000	5.033994643
540	298	100000	8.383704002
8507	298	100000	13.52590496
13261	298	100000	7.052524598
4229	298	100000	6.100725106
8086	298	100000	50.52955584
1408	298	100000	95.6817487
6836	298	100000	24.57585271
7379	298	100000	10.22524176
10805	298	100000	3.074242834
11378	298	100000	10.1373102
5514	298	100000	14.63917881
4074	298	100000	129.5272905
5266	298	100000	11.70756381
9022	298	100000	163.7971941
10894	298	100000	2.564087075
11493	298	100000	111.0644701
2315	298	100000	8.649652752
10618	298	100000	2.719518938
4979	298	100000	158.2524292
7782	298	100000	101.0002374
10145	298	100000	9.132195382
4331	298	100000	8.761511843
8760	298	100000	27.18528841
10695	298	100000	2.56912786
13426	298	100000	17.65875583
7136	298	100000	6.843601757
11044	298	100000	10.1019979
12117	298	100000	43.31789076
1979	298	100000	25.32492991
2759	298	100000	19.88918842
2778	298	100000	141.2074217
6235	298	100000	7.036334757
10407	298	100000	1.737706417
8213	298	100000	16.83896639
9520	298	100000	14.41295036
2541	298	100000	113.2896224
378	298	100000	129.284921
7003	298	100000	7.186735693
2822	298	100000	166.7380527
5696	298	100000	62.49118467
9947	298	100000	8.38958611
3676	298	100000	118.4041246
3808	298	100000	8.670804903
508	298	100000	3.329839093
11444	298	100000	6.833635332
1818	298	100000	5.575690242
7113	298	100000	0
1687	298	100000	2.547214815
2063	298	100000	9.837604871
8059	298	100000	78.22945718
13263	298	100000	45.9329196
621	298	100000	9.930754101
9072	298	100000	165.7254892
3694	298	100000	46.81745807
6684	298	100000	13.03040158
8945	298	100000	66.98229649
12613	298	100000	41.9854857
2991	298	100000	20.86919152
9425	298	100000	16.4723613
10047	298	100000	56.16377891
3162	298	100000	164.9172459
7925	298	100000	76.73886568
10733	298	100000	5.502843211
10951	298	100000	22.40650414
1758	298	100000	15.56087015
8025	298	100000	16.47100543
8097	298	100000	30.52852412
9885	298	100000	6.163741051
13441	298	100000	74.97108661
305	298	100000	76.11814043
3969	298	100000	0
10307	298	100000	17.58220109
2955	298	100000	141.7959486
9629	298	100000	54.57091733
10953	298	100000	11.99767577
1540	298	100000	4.72878151
9775	298	100000	36.73818176
10901	298	100000	2.794456729
3220	298	100000	58.00676763
8578	298	100000	157.5751104
10665	298	100000	1.959854124
11602	298	100000	11.21214737
13489	298	100000	150.6473412
12368	298	100000	30.97064593
3707	298	100000	17.68900427
936	298	100000	17.32269397
1235	298	100000	24.94822842
5674	298	100000	163.6821105
6890	298	100000	11.18473319
186	298	100000	71.01915342
7708	298	100000	14.41030169
9633	298	100000	77.72927229
3682	298	100000	120.597597
8499	298	100000	8.780343139
9055	298	100000	12.86930581
5900	298	100000	113.8897732
7678	298	100000	163.7147483
9943	298	100000	84.46807666
3475	298	100000	26.63095142
7552	298	100000	13.64497825
854	298	100000	45.87853919
1456	298	100000	67.88632733
2970	298	100000	141.216105
7635	298	100000	158.3340096
12464	298	100000	14.98359261
5300	298	100000	77.28072828
8579	298	100000	163.1045776
10033	298	100000	4.777559776
1586	298	100000	5.108533539
9086	298	100000	118.363478
13001	298	100000	50.36039271
562	298	100000	19.79569735
7506	298	100000	24.5091899
13409	298	100000	110.3206178
4135	298	100000	156.6548629
6163	298	100000	33.47623616
1279	298	100000	49.7116004
12891	298	100000	51.30866252
7052	298	100000	6.360482391
5003	298	100000	148.9380017
7250	298	100000	157.4930035
8145	298	100000	56.34194134
12834	298	100000	56.61993019
2246	298	100000	10.1107004
2620	298	100000	10.86945178
11784	298	100000	90.59274035
7923	298	100000	143.139918
7994	298	100000	51.42702829
10905	298	100000	1.939687047
3632	298	100000	130.2393031
4184	298	100000	172.8231051
1436	298	100000	80.48626049
5511	298	100000	12.75909418
8039	298	100000	6.112518803
1025	298	100000	25.25851857
1090	298	100000	90.0368571
12550	298	100000	135.1647684
2546	298	100000	120.571406
4994	298	100000	155.5645564
6335	298	100000	12.86648725
12191	298	100000	8.588770399
12823	298	100000	14.75228652
6572	298	100000	4.101476656
3429	298	100000	5.730581435
6307	298	100000	48.53499256
88	298	100000	12.66137685
1151	298	100000	85.07086688
12398	298	100000	3.158579048
6400	298	100000	64.82288277
10349	298	100000	17.27272223
10771	298	100000	11.7151096
7153	298	100000	144.2497284
11671	298	100000	7.821426132
12640	298	100000	109.1612454
7854	298	100000	4.674616021
11136	298	100000	17.33953089
11680	298	100000	16.00543935
7167	298	100000	33.67819651
2575	298	100000	145.6442123
5799	298	100000	19.8290455
9808	298	100000	8.430427429
10563	298	100000	2.310490586
5705	298	100000	33.9849496
9541	298	100000	61.0868496
205	298	100000	166.0801621
6313	298	100000	23.26220586
7803	298	100000	27.46450814
11627	298	100000	14.58086497
2407	298	100000	106.2642318
296	298	100000	152.2305767
10406	298	100000	2.163111368
10829	298	100000	5.388866401
6685	298	100000	10.31898124
1331	298	100000	10.21038831
13419	298	100000	121.9001343
13509	298	100000	141.8801981
11022	298	100000	28.02252791
2291	298	100000	7.63626479
418	298	100000	46.06259986
10649	298	100000	4.336853532
10681	298	100000	4.309315547
3263	298	100000	161.6567923
2935	298	100000	144.4278813
7046	298	100000	12.45768998
9005	298	100000	48.20625779
3250	298	100000	135.2293601
3516	298	100000	21.96570882
7896	298	100000	106.7355437
12373	298	100000	9.322134531
12819	298	100000	13.63532297
991	298	100000	10.57669103
3115	298	100000	130.9132406
837	298	100000	13.8924793
9841	298	100000	77.4024261
13048	298	100000	8.398115915
5145	298	100000	155.4023078
6694	298	100000	9.592274892
11739	298	100000	151.5727873
5272	298	100000	40.42971535
700	298	100000	3.737555776
11658	298	100000	52.59404295
12492	298	100000	4.161330259
1524	298	100000	7.351912546
11223	298	100000	
13130	298	100000	
4167	298	100000	
10728	298	100000	5.719763146
13471	298	100000	94.92043504
4847	298	100000	8.987393631
11862	298	100000	16.51047995
3782	298	100000	32.51714253
8233	298	100000	4.311330245
10802	298	100000	4.656280488
12695	298	100000	129.1752896
3384	298	100000	23.17177445
10156	298	100000	14.76371821
12362	298	100000	13.00571317
476	298	100000	13.61513948
12911	298	100000	15.22719568
4267	298	100000	7.018164357
9584	298	100000	75.97843151
4079	298	100000	134.1351885
4368	298	100000	7.984561678
4982	298	100000	19.14144659
12264	298	100000	47.40949365
3936	298	100000	44.46112649
8708	298	100000	46.69730749
13131	298	100000	56.10790634
507	298	100000	2.663289831
994	298	100000	125.0136111
11198	298	100000	10.77154107
2174	298	100000	52.6620837
9894	298	100000	5.25755856
12369	298	100000	8.069463379
1482	298	100000	5.953252952
6019	298	100000	142.4607906
1452	298	100000	24.42095114
2042	298	100000	19.85875024
4608	298	100000	35.17736559
11321	298	100000	58.99378543
12289	298	100000	3.282469138
6545	298	100000	10.26472162
10264	298	100000	4.922575451
12920	298	100000	13.1686486
5473	298	100000	148.383233
5925	298	100000	159.1716557
7253	298	100000	124.6488214
842	298	100000	6.545652076
12307	298	100000	89.80093397
7443	298	100000	99.70858945
9741	298	100000	24.47006474
12330	298	100000	7.126984701
4264	298	100000	21.46785755
7230	298	100000	9.974173231
10892	298	100000	2.474107916
381	298	100000	19.31063534
8696	298	100000	52.59015491
2328	298	100000	16.67831878
4418	298	100000	15.0983037
9351	298	100000	142.7263472
11883	298	100000	16.65374387
2077	298	100000	60.31485029
3342	298	100000	150.1323592
4645	298	100000	102.6586257
4896	298	100000	142.5356251
5910	298	100000	88.43643032
10215	298	100000	7.701364945
12518	298	100000	11.28771137
8650	298	100000	59.35310811
4223	298	100000	11.96101963
5385	298	100000	5.413780273
9904	298	100000	6.349057345
332	298	100000	8.089221003
432	298	100000	7.149553729
7145	298	100000	14.36136766
7793	298	100000	35.1035261
7820	298	100000	5.523852683
9112	298	100000	39.04652062
11530	298	100000	6.642468981
1304	298	100000	8.511704742
8935	298	100000	49.05351293
11047	298	100000	5.992495788
1560	298	100000	16.59067875
2125	298	100000	31.26450912
11584	298	100000	13.27917589
11633	298	100000	10.27438799
12337	298	100000	3.467398991
2582	298	100000	16.85786513
5822	298	100000	110.8565178
9807	298	100000	4.63487538
10253	298	100000	20.37251019
3422	298	100000	19.90618967
3554	298	100000	175.3935662
3143	298	100000	33.33821029
6408	298	100000	92.12906831
8868	298	100000	126.3418779
4937	298	100000	153.3365769
5722	298	100000	140.9856114
8955	298	100000	16.34860338
6767	298	100000	3.647481567
759	298	100000	13.83146474
8608	298	100000	62.32424437
1281	298	100000	29.05070519
4318	298	100000	15.7349775
7813	298	100000	10.31296751
10276	298	100000	6.624560322
12633	298	100000	7.942023673
605	298	100000	3.888212795
10423	298	100000	1.907555459
12024	298	100000	18.01127086
1270	298	100000	55.66287531
10878	298	100000	3.779015891
1136	298	100000	21.62426141
9088	298	100000	94.46827803
2692	298	100000	23.64509858
7656	298	100000	15.64150577
8162	298	100000	74.78004714
			
13366	298	100000	99.87296845
4157	298	100000	105.8828805
11028	298	100000	16.90627324
1626	298	100000	5.384692677
			
11486	298	100000	10.30785012
6053	298	100000	15.80039846
7566	298	100000	5.274461076
10617	298	100000	2.017749904
3299	298	100000	142.9151391
4406	298	100000	11.77424453
12635	298	100000	12.65369212
2301	298	100000	5.243573105
8463	298	100000	5.496018198
286	298	100000	104.0978198
457	298	100000	5.530179651
7571	298	100000	7.490492337
10249	298	100000	15.78186108
3190	298	100000	50.58369498
451	298	100000	4.213458794
6519	298	100000	9.782977491
6556	298	100000	2.602990071
948	298	100000	66.23594933
13281	298	100000	26.52989255
454	298	100000	5.116469609
5017	298	100000	142.3560676
11555	298	100000	56.19587654
211	298	100000	140.6108446
7986	298	100000	37.90865498
3612	298	100000	15.96778581
4829	298	100000	35.15271125
9972	298	100000	26.1364485
651	298	100000	3.018013075
9538	298	100000	71.90873457
9616	298	100000	9.573509109
11864	298	100000	43.41292474
1714	298	100000	5.873724125
7899	298	100000	106.8463329
13484	298	100000	56.19855325
1492	298	100000	2.843663373
4284	298	100000	8.520200786
12375	298	100000	4.652077036
13453	298	100000	13.36613839
6353	298	100000	134.292761
13479	298	100000	55.03958939
3872	298	100000	124.9501931
6609	298	100000	10.68123687
6008	298	100000	30.20643936
9016	298	100000	140.8323008
9624	298	100000	5.848901077
10474	298	100000	3.030332469
6244	298	100000	8.964920143
9612	298	100000	10.25684367
10762	298	100000	2.696372594
13174	298	100000	64.34802663
9799	298	100000	5.269208716
11626	298	100000	10.24703532
12327	298	100000	5.070977484
1992	298	100000	19.22408638
1500	298	100000	3.124814006
1941	298	100000	11.13473039
5064	298	100000	17.36585384
2425	298	100000	156.5605708
6390	298	100000	142.9350351
6653	298	100000	11.03379647
3180	298	100000	66.66396352
9162	298	100000	28.46836484
9828	298	100000	18.44680128
4591	298	100000	14.03470378
6476	298	100000	13.30959263
8142	298	100000	8.515419878
12620	298	100000	15.49212596
1298	298	100000	15.00288526
5750	298	100000	100.3644866
11454	298	100000	93.45768411
2777	298	100000	152.9009462
4697	298	100000	154.468623
8723	298	100000	160.5557121
8863	298	100000	11.61414766
926	298	100000	35.22343729
12048	298	100000	5.461085913
12101	298	100000	3.753890461
12170	298	100000	39.03338917
13289	298	100000	45.67624137
5104	298	100000	148.1631349
6972	298	100000	42.5761367
11188	298	100000	13.57927062
2140	298	100000	7.391420134
8022	298	100000	17.50973854
6983	298	100000	24.44721756
7304	298	100000	19.29707932
7614	298	100000	13.15618725
10228	298	100000	5.989140631
124	298	100000	179.9174984
2717	298	100000	133.2456835
5282	298	100000	
6575	298	100000	3.727103876
8668	298	100000	161.597233
12643	298	100000	129.5285159
363	298	100000	5.534240258
7818	298	100000	5.223754263
10940	298	100000	43.0292315
4361	298	100000	24.90220394
6766	298	100000	4.08287665
12697	298	100000	61.83749139
12993	298	100000	40.33721543
4850	298	100000	8.151911372
12377	298	100000	12.41744263
12417	298	100000	13.78633491
4572	298	100000	154.2341238
13379	298	100000	65.8252872
6731	298	100000	10.26350452
6816	298	100000	2.999779711
10368	298	100000	5.378512362
11397	298	100000	66.2163221
3438	298	100000	55.35219184
11209	298	100000	135.5778197
12528	298	100000	6.99868091
2512	298	100000	36.44044438
20	298	100000	153.2297688
6043	298	100000	8.998307575
8688	298	100000	132.3836585
1264	298	100000	91.49516917
13089	298	100000	32.88471004
6622	298	100000	5.102565159
4196	298	100000	48.76595403
8088	298	100000	28.98077662
9563	298	100000	26.11345377
13161	298	100000	6.727184564
150	298	100000	142.7741361
8220	298	100000	5.640089887
5381	298	100000	9.156039957
6249	298	100000	98.70842099
98	298	100000	40.82929851
10434	298	100000	3.092695617
1376	298	100000	71.2835354
4924	298	100000	31.91188966
2180	298	100000	19.17441253
2927	298	100000	134.0789485
9428	298	100000	12.68528242
10838	298	100000	3.450351975
1588	298	100000	2.808712105
7238	298	100000	11.57533653
2350	298	100000	57.61645762
3928	298	100000	23.06645704
5146	298	100000	130.9636297
112	298	100000	164.2394035
13351	298	100000	13.34225077
3083	298	100000	47.36539159
12359	298	100000	34.0553551
1286	298	100000	83.11381495
13469	298	100000	133.6887343
12031	298	100000	8.127279251
13004	298	100000	15.68763172
6950	298	100000	17.69565156
11629	298	100000	13.10580469
12999	298	100000	14.68307234
5501	298	100000	32.26903313
10580	298	100000	9.968140045
1213	298	100000	95.56271712
9056	298	100000	53.52429718
138	298	100000	13.97117511
2613	298	100000	83.93633399
3469	298	100000	16.3869012
4010	298	100000	32.80240741
6949	298	100000	4.038611103
9475	298	100000	15.78805221
115	298	100000	168.8995814
12682	298	100000	20.6126767
2060	298	100000	9.99188738
12752	298	100000	41.51883825
3947	298	100000	18.75784264
6753	298	100000	7.89479982
13248	298	100000	10.45699091
2949	298	100000	12.31455785
4574	298	100000	148.6814482
13307	298	100000	10.1276714
4973	298	100000	159.238617
8460	298	100000	5.645974499
13407	298	100000	119.2957888
9168	298	100000	45.6481838
9321	298	100000	120.156226
3236	298	100000	55.95312545
8846	298	100000	19.91275283
921	298	100000	55.67405678
10597	298	100000	3.823157423
3513	298	100000	84.20449748
6340	298	100000	10.66279436
1101	298	100000	121.73502
12961	298	100000	7.93126868
2489	298	100000	11.40918456
10447	298	100000	4.191089948
4356	298	100000	25.86554521
6148	298	100000	9.862570544
10028	298	100000	7.172058485
1635	298	100000	4.802073692
393	298	100000	4.178412284
12877	298	100000	9.791947031
9188	298	100000	12.6314906
9994	298	100000	8.454181875
13110	298	100000	50.97109155
3689	298	100000	68.34436148
8692	298	100000	41.84138759
11372	298	100000	23.50308048
1425	298	100000	72.95190135
6628	298	100000	41.69945404
10198	298	100000	18.60846161
2377	298	100000	84.50946925
3005	298	100000	151.4342717
10131	298	100000	5.255858058
6852	298	100000	7.540307103
7688	298	100000	138.0699681
10586	298	100000	4.330113271
11466	298	100000	30.4004713
4019	298	100000	0
12739	298	100000	
1910	298	100000	17.16127562
4423	298	100000	
565	298	100000	60.96512451
661	298	100000	34.12399191
6786	298	100000	10.41897252
3397	298	100000	30.06347946
4577	298	100000	57.96377592
9813	298	100000	105.4612645
1059	298	100000	71.20933914
2665	298	100000	12.04925872
5126	298	100000	10.83811826
13273	298	100000	27.9070038
1834	298	100000	32.60403803
5426	298	100000	15.2507188
7766	298	100000	10.36427609
9026	298	100000	164.6001381
9238	298	100000	103.0926696
2570	298	100000	19.53530681
6124	298	100000	18.48435112
8381	298	100000	64.6284003
2763	298	100000	151.9441212
3792	298	100000	24.68087832
8001	298	100000	95.62214292
10455	298	100000	2.521942511
1216	298	100000	35.76971749
3390	298	100000	93.8499818
10731	298	100000	3.693506007
1633	298	100000	10.56210655
6845	298	100000	35.26710769
2375	298	100000	154.5938057
2967	298	100000	163.2096486
460	298	100000	3.174325998
5769	298	100000	18.40944574
8188	298	100000	7.528984166
9818	298	100000	97.76189155
1002	298	100000	110.0709368
1743	298	100000	105.4532695
904	298	100000	86.02903624
11825	298	100000	8.377876623
1305	298	100000	8.892033087
2518	298	100000	8.782688138
1655	298	100000	4.115817214
4857	298	100000	158.3227358
5039	298	100000	13.21610906
11239	298	100000	7.329765183
546	298	100000	3.182486126
9174	298	100000	19.99487842
1900	298	100000	6.78072418
6440	298	100000	105.1052524
7594	298	100000	25.00979252
11608	298	100000	50.92778328
3213	298	100000	158.796419
7718	298	100000	11.53733411
2739	298	100000	24.10366839
4354	298	100000	23.6931609
7131	298	100000	144.9698741
10989	298	100000	51.86261117
6710	298	100000	8.651520063
874	298	100000	36.17463623
12354	298	100000	38.33744995
5594	298	100000	17.17072902
9503	298	100000	65.60824106
2999	298	100000	19.7901251
7094	298	100000	13.56144868
7521	298	100000	7.293879761
10275	298	100000	9.777550905
1388	298	100000	110.2286801
3191	298	100000	35.00084795
12162	298	100000	20.17608552
7781	298	100000	156.1054812
9920	298	100000	13.22767058
10993	298	100000	10.81648948
4313	298	100000	34.30662327
7134	298	100000	18.42553517
13182	298	100000	35.11296807
3828	298	100000	140.5928162
7066	298	100000	41.17051724
1137	298	100000	18.83157003
4221	298	100000	5.872057171
9684	298	100000	12.69456771
2147	298	100000	7.92811082
6218	298	100000	145.430079
8446	298	100000	16.38048557
5641	298	100000	81.77686469
5981	298	100000	159.6981919
9460	298	100000	8.853813039
11164	298	100000	88.5906365
5607	298	100000	8.092421822
6312	298	100000	30.96461136
11995	298	100000	6.901868325
5855	298	100000	20.47902019
6509	298	100000	39.1490741
11693	298	100000	89.63095385
3074	298	100000	127.7986076
3617	298	100000	24.23376019
1208	298	100000	86.90705232
3060	298	100000	151.2610295
9261	298	100000	76.56386913
13235	298	100000	42.13390911
8071	298	100000	11.08284732
9015	298	100000	149.0097179
11711	298	100000	51.08547667
12445	298	100000	5.621805328
12548	298	100000	32.53422162
12577	298	100000	12.26378378
3268	298	100000	69.89774175
7665	298	100000	8.02483438
4282	298	100000	5.588492957
8114	298	100000	68.98361317
8209	298	100000	12.76105588
2455	298	100000	35.8076499
4511	298	100000	13.36699375
899	298	100000	80.49309722
11146	298	100000	8.868809264
2372	298	100000	154.1695575
5651	298	100000	7.184679989
3323	298	100000	57.39174645
4053	298	100000	142.1028988
9079	298	100000	96.21559968
12909	298	100000	37.71257931
2218	298	100000	80.64607943
5716	298	100000	8.815795778
2290	298	100000	7.945366599
3022	298	100000	70.56906161
7068	298	100000	31.02646816
12952	298	100000	8.606218048
3278	298	100000	133.2537854
5035	298	100000	111.423141
10372	298	100000	5.294561014
7650	298	100000	36.64067878
941	298	100000	7.493982893
213	298	100000	151.4627614
6521	298	100000	14.13558563
756	298	100000	77.51389578
13133	298	100000	65.14295822
3561	298	100000	164.8208184
8706	298	100000	156.528501
3917	298	100000	129.922885
4030	298	100000	143.2377696
4164	298	100000	147.9068774
3304	298	100000	140.5095832
4348	298	100000	13.57423914
9765	298	100000	4.848255265
11052	298	100000	76.45691738
4363	298	100000	173.9278004
5383	298	100000	4.617404719
10535	298	100000	7.815366678
1680	298	100000	4.856700934
6814	298	100000	5.40708384
13173	298	100000	122.0257298
3726	298	100000	117.9009596
9537	298	100000	119.058345
11094	298	100000	6.87582868
3794	298	100000	15.75300364
7091	298	100000	6.911126771
3699	298	100000	13.86854623
8163	298	100000	54.93290452
8259	298	100000	9.291271206
13511	298	100000	127.1888448
1542	298	100000	5.818965897
4417	298	100000	4.944749438
355	298	100000	3.300163516
6892	298	100000	3.814420462
8575	298	100000	107.140481
11090	298	100000	6.972253396
3312	298	100000	128.4322133
664	298	100000	13.55029564
1462	298	100000	13.04244418
3298	298	100000	147.4435145
9390	298	100000	142.2368551
2183	298	100000	18.22030633
2396	298	100000	122.7619332
7265	298	100000	42.21596809
2146	298	100000	18.17986692
2637	298	100000	154.6901118
9571	298	100000	16.79094529
12092	298	100000	4.404775263
185	298	100000	70.14922454
2761	298	100000	13.74711971
5274	298	100000	14.37057713
6496	298	100000	11.95646655
738	298	100000	4.486882012
8679	298	100000	146.869169
8774	298	100000	129.8552392
8836	298	100000	86.59048095
11011	298	100000	43.96767417
13465	298	100000	87.77916637
4410	298	100000	9.812339089
1763	298	100000	3.813408095
3140	298	100000	42.57673025
6643	298	100000	7.32501483
12468	298	100000	15.68085653
4075	298	100000	138.0204931
7092	298	100000	5.586178388
11791	298	100000	32.07811849
6097	298	100000	8.508102969
7410	298	100000	17.15172815
10869	298	100000	12.27531077
3359	298	100000	167.5834576
9320	298	100000	40.70624984
11504	298	100000	19.80396024
3476	298	100000	24.04044796
9184	298	100000	21.66505045
10123	298	100000	10.56993156
			
387	298	100000	23.60013716
11786	298	100000	83.1726986
2269	298	100000	20.24786168
4310	298	100000	19.44632869
12474	298	100000	9.791200196
7872	298	100000	36.71858291
9329	298	100000	59.91070162
11638	298	100000	100.7493315
3100	298	100000	127.308141
643	298	100000	4.805651353
12263	298	100000	67.07047847
2270	298	100000	14.13613631
4004	298	100000	71.22318907
11922	298	100000	2.144783719
179	298	100000	83.69016639
8232	298	100000	3.645834029
11590	298	100000	157.3826932
2568	298	100000	98.47558486
5795	298	100000	12.67042698
10051	298	100000	73.35747286
11836	298	100000	96.63154771
9619	298	100000	11.68438001
2647	298	100000	17.42332804
2774	298	100000	147.8958513
802	298	100000	25.12583498
403	298	100000	4.11048417
5469	298	100000	26.74057092
9389	298	100000	123.5360998
3944	298	100000	13.34688293
5808	298	100000	32.08040558
7473	298	100000	5.538988513
4297	298	100000	152.7112034
4884	298	100000	19.0504418
8455	298	100000	39.81478845
1378	298	100000	63.66677429
2065	298	100000	4.927680712
2150	298	100000	5.023694291
10697	298	100000	5.906936247
3778	298	100000	56.03121333
5486	298	100000	165.6622922
11113	298	100000	122.7339868
8272	298	100000	7.383077729
9844	298	100000	8.929129606
13450	298	100000	10.17901738
2092	298	100000	8.537268722
4776	298	100000	149.8352761
13114	298	100000	14.07814285
13395	298	100000	11.67844644
3705	298	100000	49.06717672
2025	298	100000	161.0079422
6062	298	100000	162.3642934
6606	298	100000	5.668929846
4102	298	100000	0
6167	298	100000	33.47937147
9930	298	100000	7.621257245
11712	298	100000	25.89831836
13414	298	100000	75.68861157
6134	298	100000	8.454714931
11780	298	100000	8.228569628
1610	298	100000	6.543240918
8885	298	100000	99.5948751
1424	298	100000	71.89060055
5098	298	100000	121.4004765
7219	298	100000	31.12790637
10820	298	100000	10.04069114
7087	298	100000	17.69192786
8555	298	100000	37.02611497
12482	298	100000	14.0304546
12885	298	100000	153.0903173
2755	298	100000	28.21873006
13431	298	100000	23.67544221
4933	298	100000	141.9932959
6160	298	100000	88.7628606
12658	298	100000	53.50917928
1946	298	100000	7.989122643
7069	298	100000	16.60442479
1021	298	100000	30.39875522
10811	298	100000	2.510598734
			
3938	298	100000	27.66642373
5932	298	100000	154.2752397
9893	298	100000	6.486373897
6316	298	100000	32.66059474
6535	298	100000	167.8187911
9220	298	100000	34.51801726
12713	298	100000	62.9146519
2190	298	100000	12.83943956
4721	298	100000	105.5578548
10868	298	100000	8.384974145
8146	298	100000	10.50005672
8192	298	100000	74.34472489
12958	298	100000	20.54369902
13256	298	100000	11.72649399
2087	298	100000	13.40704623
1009	298	100000	65.19869899
3309	298	100000	115.2500616
4382	298	100000	5.644751521
4644	298	100000	11.90039314
9455	298	100000	59.98306662
995	298	100000	121.6746666
10909	298	100000	2.022359662
11677	298	100000	16.10630651
7593	298	100000	158.038945
4139	298	100000	173.7440651
4468	298	100000	5.580423429
4804	298	100000	10.55961496
1023	298	100000	18.92518468
6219	298	100000	14.69187749
7877	298	100000	141.0922881
12458	298	100000	14.69768031
2504	298	100000	58.1158911
7474	298	100000	5.398798028
130	298	100000	175.3583061
2712	298	100000	13.69336701
9490	298	100000	79.8469539
11962	298	100000	3.962059836
1767	298	100000	4.918462663
2505	298	100000	45.98702301
10495	298	100000	3.13910079
12014	298	100000	4.255561953
7855	298	100000	11.18100131
10300	298	100000	14.27053808
11783	298	100000	94.58331917
4959	298	100000	146.8518016
1679	298	100000	4.110021332
8184	298	100000	9.865494969
9553	298	100000	37.5678073
11881	298	100000	97.49594055
2892	298	100000	20.26557496
8165	298	100000	41.11919151
5148	298	100000	95.68452339
5249	298	100000	165.6045413
9913	298	100000	44.11354427
10775	298	100000	7.817257763
5948	298	100000	51.77343606
997	298	100000	110.0354408
2762	298	100000	13.19108158
7786	298	100000	11.33893771
8975	298	100000	63.35069197
10463	298	100000	3.113511783
1314	298	100000	69.42749423
9472	298	100000	11.99712437
1129	298	100000	17.91628133
7812	298	100000	146.7370853
9805	298	100000	8.731477918
2847	298	100000	33.71722847
3935	298	100000	55.50076896
6887	298	100000	29.30194688
13123	298	100000	79.31274365
2900	298	100000	21.6806258
4883	298	100000	78.23599175
11087	298	100000	27.6019078
3492	298	100000	133.3868289
7668	298	100000	145.5586534
12161	298	100000	14.48116716
567	298	100000	45.39245661
6448	298	100000	22.05886027
4489	298	100000	21.77926927
5919	298	100000	94.28399582
9217	298	100000	133.6893178
1294	298	100000	12.14389149
4490	298	100000	159.8822673
6112	298	100000	127.4423312
442	298	100000	35.19181318
5755	298	100000	47.45949539
9507	298	100000	18.76192848
2114	298	100000	5.689934852
2963	298	100000	163.1186629
4061	298	100000	0
2242	298	100000	7.770763106
2673	298	100000	99.11569449
3271	298	100000	129.5494469
10408	298	100000	1.565457851
11851	298	100000	45.05800186
4516	298	100000	11.02161563
2113	298	100000	4.872600835
3702	298	100000	20.17195566
7024	298	100000	7.184521013
2231	298	100000	6.674096596
5358	298	100000	32.75747931
9450	298	100000	49.31964259
12125	298	100000	10.92905852
3035	298	100000	21.84234494
9006	298	100000	50.72600341
257	298	100000	138.5045135
4729	298	100000	166.7923938
4831	298	100000	15.61613191
11882	298	100000	89.85418076
470	298	100000	19.67182089
670	298	100000	7.913650865
10137	298	100000	3.019137658
6101	298	100000	6.988996199
8908	298	100000	36.30036534
1295	298	100000	13.10779124
417	298	100000	20.11118835
6724	298	100000	25.58157381
1114	298	100000	51.42900977
3908	298	100000	16.87723274
7919	298	100000	123.5730462
13109	298	100000	16.97052062
3103	298	100000	135.0810633
5407	298	100000	52.3568096
10056	298	100000	27.01659976
242	298	100000	139.9196058
9800	298	100000	18.94834731
			
5163	298	100000	17.942883
518	298	100000	14.23640712
1486	298	100000	5.958116017
5908	298	100000	68.95339741
7032	298	100000	15.35752069
11097	298	100000	7.227031472
184	298	100000	74.52477332
3799	298	100000	62.52883578
101	298	100000	98.69144483
13340	298	100000	10.78428466
6143	298	100000	10.58582957
12470	298	100000	10.57131789
3693	298	100000	30.79876223
7262	298	100000	142.5790251
11207	298	100000	158.9527653
2260	298	100000	174.752607
8840	298	100000	40.89315519
11842	298	100000	23.29044151
12617	298	100000	57.92755938
6467	298	100000	15.99688877
12177	298	100000	17.67882989
161	298	100000	157.9026763
8769	298	100000	175.8080024
3665	298	100000	86.62128593
725	298	100000	6.900695767
9855	298	100000	4.585121086
2171	298	100000	163.9303471
602	298	100000	4.860710005
7309	298	100000	12.67696098
11443	298	100000	7.401206999
5245	298	100000	152.3338964
791	298	100000	4.58771262
12181	298	100000	16.25355743
4104	298	100000	0
7676	298	100000	6.190248148
2681	298	100000	165.6151438
6184	298	100000	11.18892154
8699	298	100000	60.52689909
2176	298	100000	43.75925602
6885	298	100000	12.64382099
7495	298	100000	30.80054065
1271	298	100000	25.28233988
5661	298	100000	34.43846028
935	298	100000	17.47230718
12907	298	100000	90.53749802
5547	298	100000	120.4888074
7427	298	100000	9.043846917
11961	298	100000	3.096424333
6045	298	100000	14.28313806
749	298	100000	3.136343288
11291	298	100000	8.791360472
3821	298	100000	45.3264233
867	298	100000	42.09129212
11346	298	100000	4.903440708
2022	298	100000	161.3184528
3499	298	100000	75.57332668
3868	298	100000	110.7185595
4205	298	100000	22.30701188
96	298	100000	2.180576315
3334	298	100000	33.79455759
4836	298	100000	11.08060432
6127	298	100000	16.29560817
1629	298	100000	10.06486978
3192	298	100000	18.65698663
6804	298	100000	4.648005628
7918	298	100000	111.0389512
8239	298	100000	48.64460853
8997	298	100000	81.39912597
10571	298	100000	2.502867683
3070	298	100000	126.5920648
9166	298	100000	12.39855065
2061	298	100000	9.301221807
4752	298	100000	155.8136178
7300	298	100000	75.30963515
12190	298	100000	10.0335306
6478	298	100000	14.48287388
774	298	100000	4.593366526
4570	298	100000	164.8257158
6912	298	100000	3.333372534
7464	298	100000	7.578118653
12317	298	100000	19.75247381
4276	298	100000	9.509153517
6379	298	100000	169.5053507
10209	298	100000	13.18197393
11956	298	100000	4.316904627
1723	298	100000	5.437094843
13188	298	100000	35.37685511
13189	298	100000	23.22925358
4224	298	100000	7.279047759
12524	298	100000	6.411111798
7019	298	100000	49.20931696
8090	298	100000	10.41365425
2753	298	100000	37.00716977
458	298	100000	4.394965847
6179	298	100000	22.74993024
10958	298	100000	11.0542179
6224	298	100000	13.87890066
9676	298	100000	116.8736134
2293	298	100000	128.6924153
5886	298	100000	162.8132227
9754	298	100000	7.418464933
13285	298	100000	30.19394821
1359	298	100000	70.08603592
8533	298	100000	57.56638662
766	298	100000	6.626410341
8148	298	100000	5.284557167
9631	298	100000	64.37451538
4949	298	100000	10.71571172
8323	298	100000	10.21364384
9142	298	100000	87.61129276
3241	298	100000	24.94824067
4336	298	100000	167.7905373
8657	298	100000	52.97482728
10185	298	100000	4.47236118
12864	298	100000	17.3578915
9376	298	100000	16.24889719
12276	298	100000	18.15649374
134	298	100000	161.6135768
5237	298	100000	12.13655721
13068	298	100000	5.96368125
1976	298	100000	4.10772066
8245	298	100000	45.77024321
11600	298	100000	31.99852604
4915	298	100000	41.38494742
6432	298	100000	5.854790645
10470	298	100000	6.433867102
12582	298	100000	141.9752073
9742	298	100000	16.35320791
13435	298	100000	25.94041774
2745	298	100000	125.9478442
9819	298	100000	166.1876867
1751	298	100000	6.007888878
5380	298	100000	5.567000484
7150	298	100000	123.4374763
1595	298	100000	35.55274185
1724	298	100000	4.269546289
3410	298	100000	16.07644943
11527	298	100000	4.717083452
12851	298	100000	82.76275263
8471	298	100000	5.588182786
11659	298	100000	36.6366793
1828	298	100000	3.542153805
3619	298	100000	19.23301653
2590	298	100000	154.4788369
6946	298	100000	8.906753472
6957	298	100000	3.939999948
12054	298	100000	4.379113847
3680	298	100000	106.549199
4266	298	100000	9.844210532
5946	298	100000	129.4641197
6314	298	100000	160.7668738
7797	298	100000	8.646969675
10330	298	100000	7.010815421
9494	298	100000	65.14023135
9696	298	100000	8.97400699
1398	298	100000	39.94417093
8530	298	100000	95.91331744
881	298	100000	59.98891735
248	298	100000	49.62636907
2565	298	100000	115.4218426
745	298	100000	4.908762393
10748	298	100000	2.366682043
1832	298	100000	3.854208106
674	298	100000	15.68814092
4496	298	100000	19.55965129
6202	298	100000	117.2257027
8368	298	100000	8.729052206
4702	298	100000	136.3321662
7429	298	100000	8.303752324
81	298	100000	32.69839249
13030	298	100000	68.60658536
4457	298	100000	13.8738347
7964	298	100000	125.4460391
1	298	100000	140.3630514
12397	298	100000	3.694653649
1387	298	100000	49.86804027
10660	298	100000	2.48908502
4453	298	100000	6.982563948
7795	298	100000	17.47120516
13149	298	100000	43.28848808
13178	298	100000	42.8118021
2694	298	100000	127.8193765
12105	298	100000	2.760929406
5219	298	100000	6.117311134
7684	298	100000	170.620212
12908	298	100000	15.6148592
3553	298	100000	176.2545803
			
10263	298	100000	9.260182576
2256	298	100000	164.854661
7285	298	100000	10.05200987
2751	298	100000	19.10040623
3047	298	100000	15.09120889
5810	298	100000	26.36501353
1255	298	100000	46.829429
3647	298	100000	175.2488478
7388	298	100000	5.456925917
7764	298	100000	166.6495852
8900	298	100000	69.42172565
989	298	100000	31.08567116
1308	298	100000	77.57467882
2988	298	100000	20.38257799
374	298	100000	7.368905057
1406	298	100000	12.00166804
1728	298	100000	7.082619274
4378	298	100000	9.777047524
11651	298	100000	59.94094085
13394	298	100000	36.29594635
5583	298	100000	143.9701286
1862	298	100000	21.36354208
8617	298	100000	35.59925346
9771	298	100000	144.0113661
10022	298	100000	11.81717245
10167	298	100000	10.64405473
13045	298	100000	26.16708561
13473	298	100000	101.8633829
1538	298	100000	14.40285217
291	298	100000	137.0960825
5585	298	100000	72.32220298
6680	298	100000	25.19416529
7399	298	100000	23.53760704
1947	298	100000	37.24292373
5386	298	100000	140.4995438
8880	298	100000	101.4731792
10428	298	100000	1.461394294
10513	298	100000	1.872353524
1053	298	100000	69.27718194
2178	298	100000	15.4116518
2746	298	100000	56.02146163
588	298	100000	17.00827236
12160	298	100000	21.87677369
3421	298	100000	5.955613946
3650	298	100000	163.3612854
11491	298	100000	6.517863293
4552	298	100000	11.31832564
8451	298	100000	6.177127695
2109	298	100000	8.482958272
3631	298	100000	130.5226918
4379	298	100000	8.197609953
1018	298	100000	17.24584138
13185	298	100000	19.51153868
5302	298	100000	58.07271352
10752	298	100000	2.259801467
578	298	100000	21.32557893
6800	298	100000	4.712664751
12180	298	100000	24.91480027
1365	298	100000	103.4205958
6278	298	100000	6.951464598
1686	298	100000	3.875869335
8590	298	100000	144.8705068
9075	298	100000	0.000175271
2911	298	100000	155.1295958
4103	298	100000	0
4950	298	100000	5.774382813
13421	298	100000	
2306	298	100000	
8481	298	100000	
11592	298	100000	147.5719853
2162	298	100000	5.255533492
3066	298	100000	139.5236519
11765	298	100000	20.61016341
1866	298	100000	5.24423938
3866	298	100000	11.25530846
1880	298	100000	3.749393258
5743	298	100000	116.7975136
8742	298	100000	58.69871424
10560	298	100000	2.366774811
11920	298	100000	3.896207649
3264	298	100000	158.1656959
1953	298	100000	7.747897988
1962	298	100000	5.710599773
6487	298	100000	159.9326407
10150	298	100000	20.76101121
12727	298	100000	18.12783611
6948	298	100000	5.723072235
11261	298	100000	42.98564262
11803	298	100000	18.54715107
12158	298	100000	2.952728712
6554	298	100000	5.683700967
7608	298	100000	21.24702785
9476	298	100000	14.26191288
10523	298	100000	2.400402765
2395	298	100000	62.6110337
8705	298	100000	54.30906826
10765	298	100000	2.033866507
3983	298	100000	164.2366555
8129	298	100000	18.15268417
11800	298	100000	28.8638519
12762	298	100000	22.88333809
297	298	100000	154.2784774
1945	298	100000	9.942658452
3313	298	100000	105.9234775
6392	298	100000	130.0047468
13066	298	100000	12.51215474
3587	298	100000	130.4936755
4876	298	100000	88.3609307
309	298	100000	135.4981239
3106	298	100000	114.6867332
6689	298	100000	11.41169825
1215	298	100000	70.25935851
1736	298	100000	3.922123182
6039	298	100000	97.2336287
140	298	100000	7.63911819
7142	298	100000	13.83478156
9140	298	100000	85.30330558
2860	298	100000	143.6442323
502	298	100000	4.86033262
6697	298	100000	7.437212126
12425	298	100000	22.09056535
1352	298	100000	8.902061033
7685	298	100000	168.5624384
1969	298	100000	12.62260245
3333	298	100000	17.06107019
6250	298	100000	135.5407379
350	298	100000	5.918140811
5956	298	100000	28.03729578
9644	298	100000	93.56950527
10383	298	100000	19.26975061
11142	298	100000	8.135092358
4426	298	100000	8.168562088
11450	298	100000	121.1753176
11474	298	100000	11.08914545
340	298	100000	3.880352734
2784	298	100000	147.8461923
2926	298	100000	115.0519628
5248	298	100000	146.257327
11871	298	100000	6.519932845
3409	298	100000	18.62580778
4957	298	100000	92.51137835
10710	298	100000	6.414443876
10732	298	100000	2.519180722
9993	298	100000	4.68413863
2698	298	100000	136.4026844
4520	298	100000	6.315868705
6234	298	100000	8.979513492
13202	298	100000	29.60230272
5362	298	100000	8.228607617
5820	298	100000	105.184781
12028	298	100000	13.86707695
12138	298	100000	5.543336709
4864	298	100000	149.5469426
10549	298	100000	3.998111425
7209	298	100000	70.50232297
8159	298	100000	79.00385292
10016	298	100000	53.3664443
5063	298	100000	28.66135624
566	298	100000	68.29361392
12964	298	100000	12.82739947
2649	298	100000	88.40583827
9073	298	100000	162.1701431
10161	298	100000	13.52823019
13012	298	100000	13.70969243
9223	298	100000	12.17306181
12350	298	100000	3.355026495
5692	298	100000	75.15727614
8670	298	100000	165.2049411
12943	298	100000	42.77825628
4440	298	100000	166.7452231
5775	298	100000	105.5600697
10419	298	100000	1.758980696
2869	298	100000	143.0254298
5608	298	100000	
3510	298	100000	40.53248981
7371	298	100000	20.58928091
8294	298	100000	27.56774069
13447	298	100000	6.957710864
6171	298	100000	16.22822406
7516	298	100000	10.88969717
196	298	100000	131.5041262
3784	298	100000	13.98991681
7220	298	100000	25.01821379
11533	298	100000	7.703985141
1842	298	100000	21.49720579
6415	298	100000	79.57443517
11822	298	100000	8.637940185
2721	298	100000	88.70386875
8545	298	100000	46.95218869
3099	298	100000	67.62941655
4662	298	100000	3.820385458
8843	298	100000	86.24016476
10225	298	100000	4.29343426
11268	298	100000	18.73770319
3209	298	100000	169.8685773
11029	298	100000	96.05783605
7950	298	100000	65.50027241
8227	298	100000	6.597177817
1084	298	100000	12.87691495
1574	298	100000	34.27839632
6269	298	100000	19.64027305
11730	298	100000	7.196099124
7806	298	100000	8.090917925
8364	298	100000	8.834031706
1741	298	100000	132.8540585
4934	298	100000	16.01776338
8551	298	100000	100.3736324
11032	298	100000	13.5827438
13071	298	100000	67.25335877
2775	298	100000	144.1132864
13203	298	100000	9.995597133
5392	298	100000	74.7462552
862	298	100000	60.82851535
3955	298	100000	15.51706605
504	298	100000	2.970415833
9107	298	100000	48.17383202
10756	298	100000	2.270835031
6336	298	100000	157.4583644
7402	298	100000	12.23986342
1195	298	100000	86.82477166
228	298	100000	41.58386621
2785	298	100000	144.1616521
3886	298	100000	55.26230327
4527	298	100000	146.8425927
4666	298	100000	123.6207751
11277	298	100000	7.242717978
11488	298	100000	10.78180288
1375	298	100000	80.09978451
2641	298	100000	153.132684
4766	298	100000	97.25621807
9036	298	100000	74.07000605
2258	298	100000	170.7028783
232	298	100000	106.0277752
8912	298	100000	14.34288412
4765	298	100000	92.59818304
4996	298	100000	15.41303998
7171	298	100000	43.72366201
4548	298	100000	12.83346351
5175	298	100000	71.66646011
8351	298	100000	37.28933933
2361	298	100000	117.3633063
3065	298	100000	159.3994863
6328	298	100000	13.69135394
12514	298	100000	15.65337058
5278	298	100000	10.48561569
6770	298	100000	2.796396651
10994	298	100000	110.3832059
1895	298	100000	5.588170685
5897	298	100000	154.9039762
2339	298	100000	6.485812461
3618	298	100000	133.1303738
5417	298	100000	24.68611076
10725	298	100000	13.96007694
1683	298	100000	4.298689815
5600	298	100000	16.67049112
3995	298	100000	133.2569321
6233	298	100000	11.15021816
942	298	100000	21.72905884
11692	298	100000	91.17325753
3332	298	100000	31.05363309
6438	298	100000	138.625012
13456	298	100000	12.33457148
3417	298	100000	25.80726305
8872	298	100000	122.0332642
1051	298	100000	84.42516715
4069	298	100000	112.1160905
485	298	100000	6.828010441
1186	298	100000	12.18036338
4306	298	100000	36.73293212
5055	298	100000	93.13106995
1048	298	100000	102.1323543
12789	298	100000	89.84148568
2829	298	100000	143.5107729
10437	298	100000	113.6703178
7617	298	100000	8.84193744
7759	298	100000	6.365609841
11716	298	100000	23.84579425
13088	298	100000	46.74998586
5792	298	100000	69.57679101
11734	298	100000	111.96935
13080	298	100000	61.1985693
13430	298	100000	104.5507014
13221	298	100000	115.198517
4977	298	100000	16.6499043
5099	298	100000	43.84951411
5653	298	100000	29.53749699
6300	298	100000	29.2774013
8376	298	100000	4.781728819
10374	298	100000	17.80477796
10461	298	100000	7.579471829
2760	298	100000	10.14437349
2263	298	100000	64.07520993
2809	298	100000	16.55305011
7980	298	100000	63.13496485
10415	298	100000	1.844481641
1537	298	100000	6.104087439
5009	298	100000	91.92722074
1219	298	100000	58.51119261
12967	298	100000	15.85342979
2503	298	100000	63.13932204
12854	298	100000	43.37423245
7564	298	100000	7.48041496
8074	298	100000	16.69919232
10979	298	100000	54.82275232
13	298	100000	156.6279204
7546	298	100000	5.504240977
11271	298	100000	12.52416924
11587	298	100000	6.432631291
4488	298	100000	35.66921396
2426	298	100000	17.19236509
7329	298	100000	7.613141733
7433	298	100000	6.917873185
12471	298	100000	6.536218295
7346	298	100000	52.56023888
9706	298	100000	4.846111437
1017	298	100000	39.55131903
11396	298	100000	6.232610473
13475	298	100000	96.45743138
11020	298	100000	26.94885368
11561	298	100000	49.28000341
2062	298	100000	5.325422476
10626	298	100000	7.338692535
12217	298	100000	15.87996887
306	298	100000	131.1506921
1321	298	100000	59.70640014
1435	298	100000	54.14023438
4820	298	100000	58.09911829
11720	298	100000	36.86335647
13079	298	100000	64.72719084
4003	298	100000	98.2358983
4738	298	100000	116.0809012
8081	298	100000	16.19152992
8087	298	100000	8.203769963
13204	298	100000	9.583243257
1480	298	100000	3.196536672
5124	298	100000	18.91519454
1022	298	100000	105.0696793
11077	298	100000	14.59373221
6611	298	100000	4.944295455
11002	298	100000	31.58543883
11059	298	100000	6.451647719
6109	298	100000	104.9998729
10934	298	100000	67.13562842
12189	298	100000	34.604716
5072	298	100000	11.90702688
10947	298	100000	22.62174458
11620	298	100000	17.61423538
9397	298	100000	34.81417087
6499	298	100000	20.46207008
6584	298	100000	14.41877339
9540	298	100000	68.58469554
2305	298	100000	92.15789447
4741	298	100000	175.8640083
9863	298	100000	44.95679695
11257	298	100000	127.5369586
2812	298	100000	82.98588797
3348	298	100000	125.1997203
2657	298	100000	36.3558571
2848	298	100000	31.96553407
8255	298	100000	45.3948691
12983	298	100000	107.7413433
1876	298	100000	3.5622594
9037	298	100000	53.15430635
10964	298	100000	22.31919237
2075	298	100000	110.9079544
5920	298	100000	59.89617397
10313	298	100000	14.12500473
4613	298	100000	7.076148461
9710	298	100000	7.878043834
11034	298	100000	9.459989022
13077	298	100000	137.0952486
866	298	100000	60.60555482
13410	298	100000	106.1648591
6974	298	100000	20.16057121
7914	298	100000	27.1181109
11042	298	100000	9.326470594
2398	298	100000	78.67928827
8543	298	100000	62.99312068
10945	298	100000	27.40144771
12479	298	100000	7.680514854
5006	298	100000	93.91887206
4431	298	100000	66.26866146
760	298	100000	9.490629335
7773	298	100000	166.375412
1924	298	100000	3.302242377
275	298	100000	70.86350654
6465	298	100000	49.02800684
12580	298	100000	21.58062864
3538	298	100000	71.84335843
7545	298	100000	10.49587514
1095	298	100000	79.5042886
2283	298	100000	8.786889418
7435	298	100000	5.488382994
10761	298	100000	1.783155185
12	298	100000	132.9761469
2282	298	100000	167.497505
1793	298	100000	31.00483793
2073	298	100000	163.5956991
336	298	100000	5.262382966
12203	298	100000	5.559556478
4809	298	100000	115.5735011
5832	298	100000	111.3411261
3626	298	100000	9.152356781
594	298	100000	4.641996863
7161	298	100000	145.0686123
2533	298	100000	15.40224659
4209	298	100000	11.61879351
8122	298	100000	20.39500709
12519	298	100000	5.961143108
6388	298	100000	138.8280243
9870	298	100000	26.25725827
716	298	100000	12.56554633
8485	298	100000	42.28143114
9074	298	100000	139.4797118
11063	298	100000	39.66249069
13335	298	100000	10.23817805
5868	298	100000	98.99245179
10297	298	100000	16.94434772
11451	298	100000	149.5976029
3128	298	100000	54.0420313
10108	298	100000	4.649335505
2596	298	100000	139.0733234
9580	298	100000	79.42238215
419	298	100000	38.58383447
5777	298	100000	114.9330776
9638	298	100000	75.11491229
1160	298	100000	65.19627311
735	298	100000	4.177628439
7903	298	100000	116.0275487
424	298	100000	10.99181373
750	298	100000	28.86977749
9343	298	100000	115.9001532
1996	298	100000	27.21050337
6069	298	100000	21.45300448
6988	298	100000	4.58628721
2070	298	100000	166.0442426
253	298	100000	90.21008881
8270	298	100000	25.63348098
1905	298	100000	6.653825099
473	298	100000	9.418259034
5393	298	100000	118.3150172
10807	298	100000	2.819255902
11907	298	100000	7.021432252
7748	298	100000	16.36144976
2551	298	100000	140.6519065
2899	298	100000	26.02862984
2968	298	100000	86.24588539
8169	298	100000	25.55017396
8348	298	100000	69.53163808
9796	298	100000	12.21852202
12662	298	100000	43.77574145
3472	298	100000	23.4114523
52	298	100000	114.5055091
5850	298	100000	49.55328695
7239	298	100000	6.019486537
9187	298	100000	11.83249817
5333	298	100000	11.2989343
6739	298	100000	4.995052081
9252	298	100000	147.7699906
12099	298	100000	6.527878475
1572	298	100000	14.10255742
2996	298	100000	24.58965546
10859	298	100000	2.430977675
12751	298	100000	30.66225546
5637	298	100000	161.1062775
10003	298	100000	114.6380649
13113	298	100000	6.311477048
7079	298	100000	22.60987618
102	298	100000	113.6471063
539	298	100000	3.33624571
6311	298	100000	44.45673355
100	298	100000	85.16974849
4137	298	100000	184.1978999
8804	298	100000	38.25277922
1052	298	100000	68.62599022
12478	298	100000	8.649561578
7041	298	100000	13.25973646
1701	298	100000	17.52340177
6345	298	100000	162.1026713
9789	298	100000	8.118864247
13286	298	100000	24.3134289
3722	298	100000	7.537355934
9346	298	100000	130.9587431
12775	298	100000	14.67996746
239	298	100000	137.5701221
5184	298	100000	13.9582866
3230	298	100000	141.2503278
6407	298	100000	126.5461598
9663	298	100000	19.43573417
3639	298	100000	176.2176728
3793	298	100000	18.07181355
4058	298	100000	0
4690	298	100000	84.70092155
5123	298	100000	36.00730234
8177	298	100000	29.4276107
1243	298	100000	119.6877333
1556	298	100000	9.828967297
9033	298	100000	116.8915487
4096	298	100000	169.496612
7241	298	100000	10.11882265
8053	298	100000	8.955338843
5268	298	100000	
7998	298	100000	38.7222016
9469	298	100000	8.247775916
11183	298	100000	31.79623787
6533	298	100000	154.3535991
7584	298	100000	22.62917961
13311	298	100000	67.15574894
1391	298	100000	47.98071514
3906	298	100000	139.9993433
496	298	100000	3.049905489
7659	298	100000	41.72666847
8494	298	100000	32.9211469
3520	298	100000	20.53986491
4208	298	100000	12.25833605
9940	298	100000	6.551768493
3674	298	100000	26.07191203
4455	298	100000	172.1217236
6629	298	100000	24.70262274
13146	298	100000	22.48800771
1517	298	100000	9.16246604
1912	298	100000	8.828171623
12229	298	100000	11.24242934
13031	298	100000	67.56727664
1627	298	100000	4.150319579
3015	298	100000	106.5361933
4226	298	100000	5.880727031
7202	298	100000	141.3080411
3454	298	100000	79.97893706
4349	298	100000	38.10818918
8643	298	100000	50.41229229
10745	298	100000	4.757733684
4562	298	100000	9.551803813
5786	298	100000	80.26869628
4108	298	100000	25.40872201
7295	298	100000	111.8400951
8632	298	100000	84.16970267
8851	298	100000	10.26338005
8859	298	100000	8.918678663
344	298	100000	7.202785079
6031	298	100000	42.7340715
7910	298	100000	19.69889195
11805	298	100000	8.449982407
5299	298	100000	86.37474992
9347	298	100000	149.3355288
1690	298	100000	14.07642491
8602	298	100000	102.6994329
9485	298	100000	73.50096875
10115	298	100000	9.935015852
2292	298	100000	10.05267029
260	298	100000	59.41427764
2538	298	100000	7.809211747
5841	298	100000	76.45891023
6022	298	100000	19.21427385
1809	298	100000	7.998971558
2096	298	100000	166.4513708
8767	298	100000	153.6457732
5058	298	100000	31.64356777
5629	298	100000	85.07345787
8772	298	100000	154.2461637
12522	298	100000	9.935275105
3430	298	100000	10.91321253
3940	298	100000	8.076058445
12560	298	100000	105.917866
2172	298	100000	172.1616153
7956	298	100000	27.16941155
10314	298	100000	11.96671406
2693	298	100000	167.6105671
8980	298	100000	69.0155459
10204	298	100000	10.5400037
2535	298	100000	8.037108956
7099	298	100000	7.335764203
10273	298	100000	4.608488846
2677	298	100000	131.7272125
5190	298	100000	7.710173011
11974	298	100000	14.62780812
12777	298	100000	6.643591732
2027	298	100000	168.4589719
12292	298	100000	5.297658637
420	298	100000	141.7177827
8302	298	100000	24.67786626
3174	298	100000	130.5443176
450	298	100000	4.160349714
9534	298	100000	92.17632261
10182	298	100000	15.39228934
1869	298	100000	8.68852332
3139	298	100000	53.0182867
2076	298	100000	115.9193462
2912	298	100000	159.2296985
5962	298	100000	145.256739
12283	298	100000	73.51422856
5555	298	100000	9.180809672
9772	298	100000	91.70385531
2058	298	100000	11.37636662
8628	298	100000	159.7735571
8853	298	100000	15.97684206
13093	298	100000	33.10549164
6414	298	100000	31.35243299
7217	298	100000	61.89154417
1419	298	100000	85.91738804
5194	298	100000	116.641113
8550	298	100000	39.86219928
10635	298	100000	4.054098959
4207	298	100000	12.15028486
4938	298	100000	161.0542458
10418	298	100000	2.671605022
2543	298	100000	93.09232531
4524	298	100000	171.0303561
3243	298	100000	149.9357372
3467	298	100000	
8768	298	100000	
8969	298	100000	106.7994651
9625	298	100000	7.134933283
9732	298	100000	63.48222026
10281	298	100000	3.976636522
10988	298	100000	52.52849412
12282	298	100000	8.244436749
233	298	100000	82.90964146
4963	298	100000	174.1604021
8891	298	100000	108.9119654
4731	298	100000	153.751796
9034	298	100000	36.91806956
9866	298	100000	60.60692846
4200	298	100000	78.83110383
4719	298	100000	145.2700209
569	298	100000	23.26312131
10977	298	100000	78.65123305
5679	298	100000	149.6798901
7655	298	100000	38.74214231
2972	298	100000	150.3239693
6911	298	100000	5.8888523
8056	298	100000	4.863997545
10603	298	100000	6.566904707
6904	298	100000	6.354080021
8719	298	100000	163.1207504
12460	298	100000	8.34448491
5335	298	100000	6.307623077
7114	298	100000	147.6448165
3418	298	100000	11.81340636
6442	298	100000	152.8567038
9493	298	100000	62.14713983
10876	298	100000	2.713176717
10906	298	100000	2.596509845
7409	298	100000	22.07730263
2340	298	100000	8.892571516
5695	298	100000	108.5365808
8713	298	100000	31.95417474
12860	298	100000	18.23362107
12939	298	100000	38.01213476
9567	298	100000	15.44312813
11442	298	100000	6.06933469
13058	298	100000	27.63311721
1965	298	100000	9.171102418
11950	298	100000	2.657641255
3485	298	100000	168.5277182
8468	298	100000	6.622528076
3562	298	100000	164.8818234
5633	298	100000	155.5945007
9104	298	100000	113.0441944
11885	298	100000	8.645837573
8457	298	100000	18.08176755
8965	298	100000	11.6796645
1889	298	100000	18.96645204
5507	298	100000	8.000714842
8070	298	100000	24.99541549
10782	298	100000	4.320460046
4064	298	100000	20.78432812
9865	298	100000	73.83278568
7389	298	100000	58.00810009
939	298	100000	22.4862616
9532	298	100000	90.30568131
1220	298	100000	119.6786276
9057	298	100000	20.0925238
9734	298	100000	13.02973013
12006	298	100000	3.894962845
1509	298	100000	9.449807807
1718	298	100000	162.1144898
3010	298	100000	163.3446021
3272	298	100000	105.4178939
4565	298	100000	8.226310711
13358	298	100000	6.701028504
3411	298	100000	8.951784648
4599	298	100000	19.63802839
10034	298	100000	15.18699959
12491	298	100000	6.393187224
7945	298	100000	70.22617049
10424	298	100000	1.84473006
1961	298	100000	5.744892517
9206	298	100000	83.02788427
2811	298	100000	103.4287399
6921	298	100000	97.37778484
947	298	100000	67.66713185
10369	298	100000	4.021199576
2239	298	100000	8.688116277
7692	298	100000	45.22547757
1592	298	100000	3.239511603
4545	298	100000	9.400727023
4814	298	100000	124.6206762
10203	298	100000	15.75430271
2104	298	100000	7.648474435
2710	298	100000	47.22472114
10840	298	100000	2.142849355
6255	298	100000	160.1255261
7816	298	100000	9.95893304
13381	298	100000	38.82704198
346	298	100000	4.657265103
9233	298	100000	17.17824448
11708	298	100000	33.39582643
2856	298	100000	13.06708024
523	298	100000	3.859978328
12541	298	100000	4.994190432
5154	298	100000	140.5338609
7955	298	100000	30.12980071
1069	298	100000	36.94691584
2933	298	100000	112.3523929
8894	298	100000	32.17314009
4261	298	100000	19.19889164
7897	298	100000	58.94920565
9573	298	100000	8.858529545
2648	298	100000	134.5200516
6397	298	100000	148.5101282
804	298	100000	18.93720658
11624	298	100000	30.65750005
1823	298	100000	5.07990106
8341	298	100000	34.33407236
2043	298	100000	16.91654665
2337	298	100000	13.72430182
4113	298	100000	122.5340537
1581	298	100000	12.31110565
3501	298	100000	81.96384263
5013	298	100000	41.15866832
1983	298	100000	21.03214989
2323	298	100000	17.55808023
9519	298	100000	16.75143791
1644	298	100000	14.23667343
1703	298	100000	8.915481662
4683	298	100000	146.6624714
2191	298	100000	11.89361892
7064	298	100000	57.76970797
9177	298	100000	16.11663755
13258	298	100000	12.74458987
5873	298	100000	100.8479496
7026	298	100000	13.19800659
3049	298	100000	12.58557659
8675	298	100000	166.4096479
9978	298	100000	11.90401895
12173	298	100000	44.69424384
4862	298	100000	61.74471039
9910	298	100000	47.76967424
12521	298	100000	17.69880039
2035	298	100000	26.24521877
8099	298	100000	9.093710071
2776	298	100000	136.8131939
4471	298	100000	5.112631465
5532	298	100000	159.6968302
11549	298	100000	146.5045776
11799	298	100000	17.77406342
8732	298	100000	157.9645689
10867	298	100000	9.956236407
173	298	100000	138.5907411
3961	298	100000	8.492150328
11683	298	100000	8.853972763
2173	298	100000	157.2081582
2536	298	100000	17.34901933
4005	298	100000	30.41357548
4913	298	100000	102.4551938
8630	298	100000	143.9023269
10207	298	100000	15.22745488
1224	298	100000	44.75502581
1865	298	100000	5.276490966
12937	298	100000	44.2171055
13382	298	100000	30.24456937
8467	298	100000	6.77948837
2262	298	100000	117.7430877
5127	298	100000	65.93772844
7962	298	100000	16.48968963
11589	298	100000	150.2162676
2223	298	100000	163.262483
4398	298	100000	16.79904408
11421	298	100000	12.55154407
1355	298	100000	76.62621825
9421	298	100000	6.978899185
12489	298	100000	4.539612735
12890	298	100000	51.81134758
3635	298	100000	129.3964796
10059	298	100000	15.52639866
13322	298	100000	57.61295007
747	298	100000	3.185258713
10615	298	100000	2.807779859
11108	298	100000	4.674548006
182	298	100000	59.87848161
11613	298	100000	10.12275381
12828	298	100000	5.555249709
433	298	100000	7.774569248
11241	298	100000	9.993347855
5707	298	100000	17.20620891
7109	298	100000	39.37575076
3763	298	100000	52.89046449
3897	298	100000	59.67309324
9832	298	100000	18.0850902
1779	298	100000	5.216759449
272	298	100000	0
6713	298	100000	5.652170011
1299	298	100000	13.72016503
3461	298	100000	70.41827276
9851	298	100000	8.469414945
2429	298	100000	22.20979167
6194	298	100000	9.555846838
6871	298	100000	153.3151376
2818	298	100000	136.5619315
4993	298	100000	13.0503807
853	298	100000	28.4304034
3031	298	100000	165.5356483
722	298	100000	12.5596521
9489	298	100000	108.8348292
11672	298	100000	37.27223198
13184	298	100000	61.73500942
2862	298	100000	149.0589091
13349	298	100000	16.02695633
5763	298	100000	41.05217504
6598	298	100000	9.185513293
11642	298	100000	72.95848817
6115	298	100000	32.48229748
7974	298	100000	71.00790868
12592	298	100000	146.4128662
510	298	100000	18.89775192
892	298	100000	15.84137078
12467	298	100000	19.1057233
3361	298	100000	162.7505764
8449	298	100000	12.97124166
4999	298	100000	84.53802161
8583	298	100000	155.6617715
9325	298	100000	21.55206546
7489	298	100000	35.1693485
12403	298	100000	45.11526526
7715	298	100000	14.23581731
281	298	100000	136.0389768
7959	298	100000	22.7559016
13457	298	100000	10.54978022
1999	298	100000	8.460775433
1810	298	100000	5.132226764
4708	298	100000	21.37617577
1356	298	100000	72.34701181
11853	298	100000	14.47322584
2021	298	100000	172.4108903
8890	298	100000	12.14436911
8411	298	100000	12.90030197
8518	298	100000	11.56164187
10896	298	100000	2.266566714
12033	298	100000	8.803984629
13392	298	100000	12.50050264
8542	298	100000	52.57785065
805	298	100000	19.73236036
3921	298	100000	101.5421671
12825	298	100000	6.000715143
11075	298	100000	34.34597053
12325	298	100000	10.53790165
9683	298	100000	15.72041459
352	298	100000	7.57624574
3239	298	100000	39.39823707
10315	298	100000	19.89859583
6909	298	100000	3.65383345
6409	298	100000	74.84828795
12268	298	100000	6.362891442
11464	298	100000	31.14273675
8490	298	100000	31.4713248
2781	298	100000	160.2714218
2157	298	100000	7.78154097
5757	298	100000	101.6188548
5883	298	100000	100.736399
6782	298	100000	12.45387231
9416	298	100000	11.17999483
10693	298	100000	4.19169566
1647	298	100000	24.98486998
3240	298	100000	21.11593586
11550	298	100000	129.975259
4985	298	100000	161.7501931
12032	298	100000	8.594244325
4646	298	100000	6.854193314
3282	298	100000	156.3926947
12774	298	100000	64.00026532
10216	298	100000	4.142298739
8920	298	100000	141.8082365
13492	298	100000	48.48570797
13073	298	100000	54.30006127
9593	298	100000	45.37143584
7451	298	100000	16.02416022
6644	298	100000	17.0191541
6453	298	100000	37.31325632
10583	298	100000	7.453040345
933	298	100000	8.898905318
10024	298	100000	5.085113146
9431	298	100000	10.37303055
11879	298	100000	141.6829665
9355	298	100000	91.94822502
3363	298	100000	133.6589202
2701	298	100000	21.05918163
9733	298	100000	30.9745623
8078	298	100000	35.42628163
6728	298	100000	18.82416297
3328	298	100000	29.06080939
5759	298	100000	39.4722694
10890	298	100000	2.892641863
6868	298	100000	153.4644577
5207	298	100000	12.55507381
3750	298	100000	85.3538166
4821	298	100000	18.12395518
2121	298	100000	110.8952012
7840	298	100000	17.9473216
11973	298	100000	10.96597589
14	298	100000	155.1947307
12093	298	100000	3.254030956
13038	298	100000	40.50420118
614	298	100000	28.10321715
2458	298	100000	14.77089852
3603	298	100000	18.33173028
12770	298	100000	36.3477663
8431	298	100000	86.39886648
149	298	100000	143.5549797
11958	298	100000	3.408457968
12266	298	100000	23.56502896
4758	298	100000	9.613365425
13140	298	100000	46.23473743
10089	298	100000	4.093870845
423	298	100000	22.61131277
6190	298	100000	8.878373544
1254	298	100000	46.4614881
6785	298	100000	15.60673673
8845	298	100000	129.5669918
4315	298	100000	168.4672643
11177	298	100000	40.89383154
10526	298	100000	1.930185884
12051	298	100000	9.760521245
9860	298	100000	4.361975929
2346	298	100000	6.72214271
			
10562	298	100000	4.686181616
11079	298	100000	15.65063237
11369	298	100000	55.00025407
2196	298	100000	8.732323728
9704	298	100000	4.659736079
11327	298	100000	40.09584877
4617	298	100000	70.93094729
12938	298	100000	49.06729584
3641	298	100000	173.0374068
2928	298	100000	120.7586334
3008	298	100000	159.7691534
9435	298	100000	64.89684434
807	298	100000	12.49858789
7181	298	100000	22.09595497
9594	298	100000	35.00367324
13156	298	100000	12.34641109
637	298	100000	5.52906314
5188	298	100000	4.339518134
5161	298	100000	122.7222844
4068	298	100000	93.17454365
1512	298	100000	23.13418746
13353	298	100000	5.869443998
12827	298	100000	11.0333443
7459	298	100000	9.812946174
11214	298	100000	70.41771901
7303	298	100000	24.04903579
7613	298	100000	20.7664233
2152	298	100000	6.385548816
1929	298	100000	3.106910272
1336	298	100000	47.54963287
9518	298	100000	42.7920715
3265	298	100000	149.8388172
2864	298	100000	136.5347667
10944	298	100000	33.48806022
12194	298	100000	17.74270564
10342	298	100000	19.88210584
8721	298	100000	177.1266274
9679	298	100000	126.5593303
11824	298	100000	9.525672578
4861	298	100000	63.23798599
5545	298	100000	32.65712271
9303	298	100000	145.7075163
8051	298	100000	7.808466048
10394	298	100000	2.380601854
6059	298	100000	143.5158785
9268	298	100000	20.76706564
1197	298	100000	85.80278271
13359	298	100000	108.73645
12483	298	100000	6.058052106
11939	298	100000	9.573457636
313	298	100000	124.0398299
2442	298	100000	8.159646251
7518	298	100000	7.664043944
8848	298	100000	26.96124599
1902	298	100000	11.9667255
4248	298	100000	24.81025239
5290	298	100000	164.198329
7110	298	100000	32.23123728
8949	298	100000	94.37880921
811	298	100000	21.04810821
4807	298	100000	8.144516803
345	298	100000	5.891746423
9182	298	100000	20.32424833
11823	298	100000	5.069639861
11686	298	100000	99.85951874
9093	298	100000	130.7411994
284	298	100000	67.43220811
5499	298	100000	119.7870337
3030	298	100000	28.87431166
13443	298	100000	63.67136828
6630	298	100000	17.15649886
10336	298	100000	18.94200727
9402	298	100000	34.70903368
12197	298	100000	8.526781868
3825	298	100000	0
6586	298	100000	21.13981295
1964	298	100000	3.976866623
10742	298	100000	3.263844238
11437	298	100000	13.41188233
12866	298	100000	51.88771977
10910	298	100000	1.898145697
6695	298	100000	12.53098635
4691	298	100000	31.1431962
6827	298	100000	157.5432192
5542	298	100000	77.37388779
9487	298	100000	94.24733167
4117	298	100000	137.0266416
5133	298	100000	9.332460338
9753	298	100000	18.29591175
11532	298	100000	28.25983923
5766	298	100000	29.95181946
3584	298	100000	58.51284765
5304	298	100000	47.64468056
11359	298	100000	50.77994619
6831	298	100000	114.7244612
980	298	100000	14.70897846