Structure Summary (H648 C540 Zn108 N864)
Reduced Formula: ZnH6C5N8
abc   :  29.088900  29.088900  40.252000
angles:  90.000000  90.000000 120.000000
Sites (2160)
1 Zn     0.019377     0.189263     0.291620
2 Zn     0.019377     0.189263     0.791620
3 Zn     0.019377     0.522597     0.291621
4 Zn     0.019377     0.522597     0.791620
5 Zn     0.019377     0.855930     0.291621
6 Zn     0.019377     0.855930     0.791621
7 Zn     0.352710     0.189263     0.291621
8 Zn     0.352710     0.189263     0.791620
9 Zn     0.352710     0.522597     0.291620
10 Zn     0.352710     0.522597     0.791620
11 Zn     0.352710     0.855930     0.291621
12 Zn     0.352710     0.855930     0.791620
13 Zn     0.686043     0.189263     0.291620
14 Zn     0.686043     0.189263     0.791621
15 Zn     0.686043     0.522597     0.291621
16 Zn     0.686043     0.522597     0.791620
17 Zn     0.686043     0.855930     0.291620
18 Zn     0.686043     0.855930     0.791620
19 Zn     0.169887     0.313957     0.124954
20 Zn     0.169887     0.313957     0.624954
21 Zn     0.169887     0.647290     0.124954
22 Zn     0.169887     0.647290     0.624954
23 Zn     0.169887     0.980623     0.124954
24 Zn     0.169887     0.980623     0.624954
25 Zn     0.503220     0.313957     0.124954
26 Zn     0.503220     0.313957     0.624954
27 Zn     0.503220     0.647290     0.124954
28 Zn     0.503220     0.647290     0.624954
29 Zn     0.503220     0.980623     0.124954
30 Zn     0.503220     0.980623     0.624954
31 Zn     0.836553     0.313957     0.124954
32 Zn     0.836553     0.313957     0.624954
33 Zn     0.836553     0.647290     0.124954
34 Zn     0.836553     0.647290     0.624954
35 Zn     0.836553     0.980623     0.124954
36 Zn     0.836553     0.980623     0.624954
37 Zn     0.144070     0.163447     0.458287
38 Zn     0.144070     0.163447     0.958287
39 Zn     0.144070     0.496780     0.458287
40 Zn     0.144070     0.496780     0.958287
41 Zn     0.144070     0.830113     0.458287
42 Zn     0.144070     0.830113     0.958287
43 Zn     0.477403     0.163447     0.458287
44 Zn     0.477403     0.163447     0.958287
45 Zn     0.477403     0.496780     0.458287
46 Zn     0.477403     0.496780     0.958287
47 Zn     0.477403     0.830113     0.458287
48 Zn     0.477403     0.830113     0.958287
49 Zn     0.810737     0.163447     0.458287
50 Zn     0.810737     0.163447     0.958287
51 Zn     0.810737     0.496780     0.458287
52 Zn     0.810737     0.496780     0.958287
53 Zn     0.810737     0.830113     0.458287
54 Zn     0.810737     0.830113     0.958287
55 Zn     0.163447     0.144070     0.208380
56 Zn     0.163447     0.144070     0.708380
57 Zn     0.163447     0.477403     0.208380
58 Zn     0.163447     0.477403     0.708380
59 Zn     0.163447     0.810737     0.208380
60 Zn     0.163447     0.810737     0.708380
61 Zn     0.496780     0.144070     0.208380
62 Zn     0.496780     0.144070     0.708380
63 Zn     0.496780     0.477403     0.208380
64 Zn     0.496780     0.477403     0.708380
65 Zn     0.496780     0.810737     0.208380
66 Zn     0.496780     0.810737     0.708380
67 Zn     0.830113     0.144070     0.208380
68 Zn     0.830113     0.144070     0.708380
69 Zn     0.830113     0.477403     0.208380
70 Zn     0.830113     0.477403     0.708380
71 Zn     0.830113     0.810737     0.208380
72 Zn     0.830113     0.810737     0.708380
73 Zn     0.189263     0.019377     0.375046
74 Zn     0.189263     0.019377     0.875046
75 Zn     0.189263     0.352710     0.375046
76 Zn     0.189263     0.352710     0.875046
77 Zn     0.189263     0.686043     0.375046
78 Zn     0.189263     0.686043     0.875046
79 Zn     0.522597     0.019377     0.375046
80 Zn     0.522597     0.019377     0.875046
81 Zn     0.522597     0.352710     0.375046
82 Zn     0.522597     0.352710     0.875046
83 Zn     0.522597     0.686043     0.375046
84 Zn     0.522597     0.686043     0.875046
85 Zn     0.855930     0.019377     0.375046
86 Zn     0.855930     0.019377     0.875046
87 Zn     0.855930     0.352710     0.375046
88 Zn     0.855930     0.352710     0.875046
89 Zn     0.855930     0.686043     0.375046
90 Zn     0.855930     0.686043     0.875046
91 Zn     0.313957     0.169887     0.041713
92 Zn     0.313957     0.169887     0.541713
93 Zn     0.313957     0.503220     0.041713
94 Zn     0.313957     0.503220     0.541713
95 Zn     0.313957     0.836553     0.041713
96 Zn     0.313957     0.836553     0.541713
97 Zn     0.647290     0.169887     0.041713
98 Zn     0.647290     0.169887     0.541713
99 Zn     0.647290     0.503220     0.041713
100 Zn     0.647290     0.503220     0.541713
101 Zn     0.647290     0.836553     0.041713
102 Zn     0.647290     0.836553     0.541713
103 Zn     0.980623     0.169887     0.041713
104 Zn     0.980623     0.169887     0.541713
105 Zn     0.980623     0.503220     0.041713
106 Zn     0.980623     0.503220     0.541713
107 Zn     0.980623     0.836553     0.041713
108 Zn     0.980623     0.836553     0.541713
109 H     0.330000     0.220000     0.222000
110 H     0.330000     0.220000     0.722000
111 H     0.330000     0.553333     0.222000
112 H     0.330000     0.553333     0.722000
113 H     0.330000     0.886667     0.222000
114 H     0.330000     0.886667     0.722000
115 H     0.663333     0.220000     0.222000
116 H     0.663333     0.220000     0.722000
117 H     0.663333     0.553333     0.222000
118 H     0.663333     0.553333     0.722000
119 H     0.663333     0.886667     0.222000
120 H     0.663333     0.886667     0.722000
121 H     0.996667     0.220000     0.222000
122 H     0.996667     0.220000     0.722000
123 H     0.996667     0.553333     0.222000
124 H     0.996667     0.553333     0.722000
125 H     0.996667     0.886667     0.222000
126 H     0.996667     0.886667     0.722000
127 H     0.223333     0.003333     0.055333
128 H     0.223333     0.003333     0.555333
129 H     0.223333     0.336667     0.055333
130 H     0.223333     0.336667     0.555333
131 H     0.223333     0.670000     0.055333
132 H     0.223333     0.670000     0.555333
133 H     0.556667     0.003333     0.055333
134 H     0.556667     0.003333     0.555333
135 H     0.556667     0.336667     0.055333
136 H     0.556667     0.336667     0.555333
137 H     0.556667     0.670000     0.055333
138 H     0.556667     0.670000     0.555333
139 H     0.890000     0.003333     0.055333
140 H     0.890000     0.003333     0.555333
141 H     0.890000     0.336667     0.055333
142 H     0.890000     0.336667     0.555333
143 H     0.890000     0.670000     0.055333
144 H     0.890000     0.670000     0.555333
145 H     0.113333     0.110000     0.388667
146 H     0.113333     0.110000     0.888667
147 H     0.113333     0.443333     0.388667
148 H     0.113333     0.443333     0.888667
149 H     0.113333     0.776667     0.388667
150 H     0.113333     0.776667     0.888667
151 H     0.446667     0.110000     0.388667
152 H     0.446667     0.110000     0.888667
153 H     0.446667     0.443333     0.388667
154 H     0.446667     0.443333     0.888667
155 H     0.446667     0.776667     0.388667
156 H     0.446667     0.776667     0.888667
157 H     0.780000     0.110000     0.388667
158 H     0.780000     0.110000     0.888667
159 H     0.780000     0.443333     0.388667
160 H     0.780000     0.443333     0.888667
161 H     0.780000     0.776667     0.388667
162 H     0.780000     0.776667     0.888667
163 H     0.110000     0.113333     0.278000
164 H     0.110000     0.113333     0.778000
165 H     0.110000     0.446667     0.278000
166 H     0.110000     0.446667     0.778000
167 H     0.110000     0.780000     0.278000
168 H     0.110000     0.780000     0.778000
169 H     0.443333     0.113333     0.278000
170 H     0.443333     0.113333     0.778000
171 H     0.443333     0.446667     0.278000
172 H     0.443333     0.446667     0.778000
173 H     0.443333     0.780000     0.278000
174 H     0.443333     0.780000     0.778000
175 H     0.776667     0.113333     0.278000
176 H     0.776667     0.113333     0.778000
177 H     0.776667     0.446667     0.278000
178 H     0.776667     0.446667     0.778000
179 H     0.776667     0.780000     0.278000
180 H     0.776667     0.780000     0.778000
181 H     0.220000     0.330000     0.444667
182 H     0.220000     0.330000     0.944667
183 H     0.220000     0.663333     0.444667
184 H     0.220000     0.663333     0.944667
185 H     0.220000     0.996667     0.444667
186 H     0.220000     0.996667     0.944667
187 H     0.553333     0.330000     0.444667
188 H     0.553333     0.330000     0.944667
189 H     0.553333     0.663333     0.444667
190 H     0.553333     0.663333     0.944667
191 H     0.553333     0.996667     0.444667
192 H     0.553333     0.996667     0.944667
193 H     0.886667     0.330000     0.444667
194 H     0.886667     0.330000     0.944667
195 H     0.886667     0.663333     0.444667
196 H     0.886667     0.663333     0.944667
197 H     0.886667     0.996667     0.444667
198 H     0.886667     0.996667     0.944667
199 H     0.003333     0.223333     0.111333
200 H     0.003333     0.223333     0.611333
201 H     0.003333     0.556667     0.111333
202 H     0.003333     0.556667     0.611333
203 H     0.003333     0.890000     0.111333
204 H     0.003333     0.890000     0.611333
205 H     0.336667     0.223333     0.111333
206 H     0.336667     0.223333     0.611333
207 H     0.336667     0.556667     0.111333
208 H     0.336667     0.556667     0.611333
209 H     0.336667     0.890000     0.111333
210 H     0.336667     0.890000     0.611333
211 H     0.670000     0.223333     0.111333
212 H     0.670000     0.223333     0.611333
213 H     0.670000     0.556667     0.111333
214 H     0.670000     0.556667     0.611333
215 H     0.670000     0.890000     0.111333
216 H     0.670000     0.890000     0.611333
217 H     0.286667     0.220333     0.203250
218 H     0.286667     0.220333     0.703250
219 H     0.286667     0.553667     0.203250
220 H     0.286667     0.553667     0.703250
221 H     0.286667     0.887000     0.203250
222 H     0.286667     0.887000     0.703250
223 H     0.620000     0.220333     0.203250
224 H     0.620000     0.220333     0.703250
225 H     0.620000     0.553667     0.203250
226 H     0.620000     0.553667     0.703250
227 H     0.620000     0.887000     0.203250
228 H     0.620000     0.887000     0.703250
229 H     0.953333     0.220333     0.203250
230 H     0.953333     0.220333     0.703250
231 H     0.953333     0.553667     0.203250
232 H     0.953333     0.553667     0.703250
233 H     0.953333     0.887000     0.203250
234 H     0.953333     0.887000     0.703250
235 H     0.267000     0.046667     0.036583
236 H     0.267000     0.046667     0.536583
237 H     0.267000     0.380000     0.036583
238 H     0.267000     0.380000     0.536583
239 H     0.267000     0.713333     0.036583
240 H     0.267000     0.713333     0.536583
241 H     0.600333     0.046667     0.036583
242 H     0.600333     0.046667     0.536583
243 H     0.600333     0.380000     0.036583
244 H     0.600333     0.380000     0.536583
245 H     0.600333     0.713333     0.036583
246 H     0.600333     0.713333     0.536583
247 H     0.933667     0.046667     0.036583
248 H     0.933667     0.046667     0.536583
249 H     0.933667     0.380000     0.036583
250 H     0.933667     0.380000     0.536583
251 H     0.933667     0.713333     0.036583
252 H     0.933667     0.713333     0.536583
253 H     0.113000     0.066333     0.369917
254 H     0.113000     0.066333     0.869917
255 H     0.113000     0.399667     0.369917
256 H     0.113000     0.399667     0.869917
257 H     0.113000     0.733000     0.369917
258 H     0.113000     0.733000     0.869917
259 H     0.446333     0.066333     0.369917
260 H     0.446333     0.066333     0.869917
261 H     0.446333     0.399667     0.369917
262 H     0.446333     0.399667     0.869917
263 H     0.446333     0.733000     0.369917
264 H     0.446333     0.733000     0.869917
265 H     0.779667     0.066333     0.369917
266 H     0.779667     0.066333     0.869917
267 H     0.779667     0.399667     0.369917
268 H     0.779667     0.399667     0.869917
269 H     0.779667     0.733000     0.369917
270 H     0.779667     0.733000     0.869917
271 H     0.066333     0.113000     0.296750
272 H     0.066333     0.113000     0.796750
273 H     0.066333     0.446333     0.296750
274 H     0.066333     0.446333     0.796750
275 H     0.066333     0.779667     0.296750
276 H     0.066333     0.779667     0.796750
277 H     0.399667     0.113000     0.296750
278 H     0.399667     0.113000     0.796750
279 H     0.399667     0.446333     0.296750
280 H     0.399667     0.446333     0.796750
281 H     0.399667     0.779667     0.296750
282 H     0.399667     0.779667     0.796750
283 H     0.733000     0.113000     0.296750
284 H     0.733000     0.113000     0.796750
285 H     0.733000     0.446333     0.296750
286 H     0.733000     0.446333     0.796750
287 H     0.733000     0.779667     0.296750
288 H     0.733000     0.779667     0.796750
289 H     0.220333     0.286667     0.463417
290 H     0.220333     0.286667     0.963417
291 H     0.220333     0.620000     0.463417
292 H     0.220333     0.620000     0.963417
293 H     0.220333     0.953333     0.463417
294 H     0.220333     0.953333     0.963417
295 H     0.553667     0.286667     0.463417
296 H     0.553667     0.286667     0.963417
297 H     0.553667     0.620000     0.463417
298 H     0.553667     0.620000     0.963417
299 H     0.553667     0.953333     0.463417
300 H     0.553667     0.953333     0.963417
301 H     0.887000     0.286667     0.463417
302 H     0.887000     0.286667     0.963417
303 H     0.887000     0.620000     0.463417
304 H     0.887000     0.620000     0.963417
305 H     0.887000     0.953333     0.463417
306 H     0.887000     0.953333     0.963417
307 H     0.046667     0.267000     0.130083
308 H     0.046667     0.267000     0.630083
309 H     0.046667     0.600333     0.130083
310 H     0.046667     0.600333     0.630083
311 H     0.046667     0.933667     0.130083
312 H     0.046667     0.933667     0.630083
313 H     0.380000     0.267000     0.130083
314 H     0.380000     0.267000     0.630083
315 H     0.380000     0.600333     0.130083
316 H     0.380000     0.600333     0.630083
317 H     0.380000     0.933667     0.130083
318 H     0.380000     0.933667     0.630083
319 H     0.713333     0.267000     0.130083
320 H     0.713333     0.267000     0.630083
321 H     0.713333     0.600333     0.130083
322 H     0.713333     0.600333     0.630083
323 H     0.713333     0.933667     0.130083
324 H     0.713333     0.933667     0.630083
325 H     0.021567     0.300667     0.272250
326 H     0.021567     0.300667     0.772250
327 H     0.021567     0.634000     0.272250
328 H     0.021567     0.634000     0.772250
329 H     0.021567     0.967333     0.272250
330 H     0.021567     0.967333     0.772250
331 H     0.354900     0.300667     0.272250
332 H     0.354900     0.300667     0.772250
333 H     0.354900     0.634000     0.272250
334 H     0.354900     0.634000     0.772250
335 H     0.354900     0.967333     0.272250
336 H     0.354900     0.967333     0.772250
337 H     0.688233     0.300667     0.272250
338 H     0.688233     0.300667     0.772250
339 H     0.688233     0.634000     0.272250
340 H     0.688233     0.634000     0.772250
341 H     0.688233     0.967333     0.272250
342 H     0.688233     0.967333     0.772250
343 H     0.279100     0.311767     0.105583
344 H     0.279100     0.311767     0.605583
345 H     0.279100     0.645100     0.105583
346 H     0.279100     0.645100     0.605583
347 H     0.279100     0.978433     0.105583
348 H     0.279100     0.978433     0.605583
349 H     0.612433     0.311767     0.105583
350 H     0.612433     0.311767     0.605583
351 H     0.612433     0.645100     0.105583
352 H     0.612433     0.645100     0.605583
353 H     0.612433     0.978433     0.105583
354 H     0.612433     0.978433     0.605583
355 H     0.945767     0.311767     0.105583
356 H     0.945767     0.311767     0.605583
357 H     0.945767     0.645100     0.105583
358 H     0.945767     0.645100     0.605583
359 H     0.945767     0.978433     0.105583
360 H     0.945767     0.978433     0.605583
361 H     0.032667     0.054233     0.438917
362 H     0.032667     0.054233     0.938917
363 H     0.032667     0.387567     0.438917
364 H     0.032667     0.387567     0.938917
365 H     0.032667     0.720900     0.438917
366 H     0.032667     0.720900     0.938917
367 H     0.366000     0.054233     0.438917
368 H     0.366000     0.054233     0.938917
369 H     0.366000     0.387567     0.438917
370 H     0.366000     0.387567     0.938917
371 H     0.366000     0.720900     0.438917
372 H     0.366000     0.720900     0.938917
373 H     0.699333     0.054233     0.438917
374 H     0.699333     0.054233     0.938917
375 H     0.699333     0.387567     0.438917
376 H     0.699333     0.387567     0.938917
377 H     0.699333     0.720900     0.438917
378 H     0.699333     0.720900     0.938917
379 H     0.054233     0.032667     0.227750
380 H     0.054233     0.032667     0.727750
381 H     0.054233     0.366000     0.227750
382 H     0.054233     0.366000     0.727750
383 H     0.054233     0.699333     0.227750
384 H     0.054233     0.699333     0.727750
385 H     0.387567     0.032667     0.227750
386 H     0.387567     0.032667     0.727750
387 H     0.387567     0.366000     0.227750
388 H     0.387567     0.366000     0.727750
389 H     0.387567     0.699333     0.227750
390 H     0.387567     0.699333     0.727750
391 H     0.720900     0.032667     0.227750
392 H     0.720900     0.032667     0.727750
393 H     0.720900     0.366000     0.227750
394 H     0.720900     0.366000     0.727750
395 H     0.720900     0.699333     0.227750
396 H     0.720900     0.699333     0.727750
397 H     0.300667     0.021567     0.394417
398 H     0.300667     0.021567     0.894417
399 H     0.300667     0.354900     0.394417
400 H     0.300667     0.354900     0.894417
401 H     0.300667     0.688233     0.394417
402 H     0.300667     0.688233     0.894417
403 H     0.634000     0.021567     0.394417
404 H     0.634000     0.021567     0.894417
405 H     0.634000     0.354900     0.394417
406 H     0.634000     0.354900     0.894417
407 H     0.634000     0.688233     0.394417
408 H     0.634000     0.688233     0.894417
409 H     0.967333     0.021567     0.394417
410 H     0.967333     0.021567     0.894417
411 H     0.967333     0.354900     0.394417
412 H     0.967333     0.354900     0.894417
413 H     0.967333     0.688233     0.394417
414 H     0.967333     0.688233     0.894417
415 H     0.311767     0.279100     0.061083
416 H     0.311767     0.279100     0.561083
417 H     0.311767     0.612433     0.061083
418 H     0.311767     0.612433     0.561083
419 H     0.311767     0.945767     0.061083
420 H     0.311767     0.945767     0.561083
421 H     0.645100     0.279100     0.061083
422 H     0.645100     0.279100     0.561083
423 H     0.645100     0.612433     0.061083
424 H     0.645100     0.612433     0.561083
425 H     0.645100     0.945767     0.061083
426 H     0.645100     0.945767     0.561083
427 H     0.978433     0.279100     0.061083
428 H     0.978433     0.279100     0.561083
429 H     0.978433     0.612433     0.061083
430 H     0.978433     0.612433     0.561083
431 H     0.978433     0.945767     0.061083
432 H     0.978433     0.945767     0.561083
433 H     0.028333     0.004000     0.294550
434 H     0.028333     0.004000     0.794550
435 H     0.028333     0.337333     0.294550
436 H     0.028333     0.337333     0.794550
437 H     0.028333     0.670667     0.294550
438 H     0.028333     0.670667     0.794550
439 H     0.361667     0.004000     0.294550
440 H     0.361667     0.004000     0.794550
441 H     0.361667     0.337333     0.294550
442 H     0.361667     0.337333     0.794550
443 H     0.361667     0.670667     0.294550
444 H     0.361667     0.670667     0.794550
445 H     0.695000     0.004000     0.294550
446 H     0.695000     0.004000     0.794550
447 H     0.695000     0.337333     0.294550
448 H     0.695000     0.337333     0.794550
449 H     0.695000     0.670667     0.294550
450 H     0.695000     0.670667     0.794550
451 H     0.309000     0.305000     0.127883
452 H     0.309000     0.305000     0.627883
453 H     0.309000     0.638333     0.127883
454 H     0.309000     0.638333     0.627883
455 H     0.309000     0.971667     0.127883
456 H     0.309000     0.971667     0.627883
457 H     0.642333     0.305000     0.127883
458 H     0.642333     0.305000     0.627883
459 H     0.642333     0.638333     0.127883
460 H     0.642333     0.638333     0.627883
461 H     0.642333     0.971667     0.127883
462 H     0.642333     0.971667     0.627883
463 H     0.975667     0.305000     0.127883
464 H     0.975667     0.305000     0.627883
465 H     0.975667     0.638333     0.127883
466 H     0.975667     0.638333     0.627883
467 H     0.975667     0.971667     0.127883
468 H     0.975667     0.971667     0.627883
469 H     0.329333     0.024333     0.461217
470 H     0.329333     0.024333     0.961217
471 H     0.329333     0.357667     0.461217
472 H     0.329333     0.357667     0.961217
473 H     0.329333     0.691000     0.461217
474 H     0.329333     0.691000     0.961217
475 H     0.662667     0.024333     0.461217
476 H     0.662667     0.024333     0.961217
477 H     0.662667     0.357667     0.461217
478 H     0.662667     0.357667     0.961217
479 H     0.662667     0.691000     0.461217
480 H     0.662667     0.691000     0.961217
481 H     0.996000     0.024333     0.461217
482 H     0.996000     0.024333     0.961217
483 H     0.996000     0.357667     0.461217
484 H     0.996000     0.357667     0.961217
485 H     0.996000     0.691000     0.461217
486 H     0.996000     0.691000     0.961217
487 H     0.024333     0.329333     0.205450
488 H     0.024333     0.329333     0.705450
489 H     0.024333     0.662667     0.205450
490 H     0.024333     0.662667     0.705450
491 H     0.024333     0.996000     0.205450
492 H     0.024333     0.996000     0.705450
493 H     0.357667     0.329333     0.205450
494 H     0.357667     0.329333     0.705450
495 H     0.357667     0.662667     0.205450
496 H     0.357667     0.662667     0.705450
497 H     0.357667     0.996000     0.205450
498 H     0.357667     0.996000     0.705450
499 H     0.691000     0.329333     0.205450
500 H     0.691000     0.329333     0.705450
501 H     0.691000     0.662667     0.205450
502 H     0.691000     0.662667     0.705450
503 H     0.691000     0.996000     0.205450
504 H     0.691000     0.996000     0.705450
505 H     0.004000     0.028333     0.372117
506 H     0.004000     0.028333     0.872117
507 H     0.004000     0.361667     0.372117
508 H     0.004000     0.361667     0.872117
509 H     0.004000     0.695000     0.372117
510 H     0.004000     0.695000     0.872117
511 H     0.337333     0.028333     0.372117
512 H     0.337333     0.028333     0.872117
513 H     0.337333     0.361667     0.372117
514 H     0.337333     0.361667     0.872117
515 H     0.337333     0.695000     0.372117
516 H     0.337333     0.695000     0.872117
517 H     0.670667     0.028333     0.372117
518 H     0.670667     0.028333     0.872117
519 H     0.670667     0.361667     0.372117
520 H     0.670667     0.361667     0.872117
521 H     0.670667     0.695000     0.372117
522 H     0.670667     0.695000     0.872117
523 H     0.305000     0.309000     0.038783
524 H     0.305000     0.309000     0.538783
525 H     0.305000     0.642333     0.038783
526 H     0.305000     0.642333     0.538783
527 H     0.305000     0.975667     0.038783
528 H     0.305000     0.975667     0.538783
529 H     0.638333     0.309000     0.038783
530 H     0.638333     0.309000     0.538783
531 H     0.638333     0.642333     0.038783
532 H     0.638333     0.642333     0.538783
533 H     0.638333     0.975667     0.038783
534 H     0.638333     0.975667     0.538783
535 H     0.971667     0.309000     0.038783
536 H     0.971667     0.309000     0.538783
537 H     0.971667     0.642333     0.038783
538 H     0.971667     0.642333     0.538783
539 H     0.971667     0.975667     0.038783
540 H     0.971667     0.975667     0.538783
541 H     0.240233     0.157033     0.342800
542 H     0.240233     0.157033     0.842800
543 H     0.240233     0.490367     0.342800
544 H     0.240233     0.490367     0.842800
545 H     0.240233     0.823700     0.342800
546 H     0.240233     0.823700     0.842800
547 H     0.573567     0.157033     0.342800
548 H     0.573567     0.157033     0.842800
549 H     0.573567     0.490367     0.342800
550 H     0.573567     0.490367     0.842800
551 H     0.573567     0.823700     0.342800
552 H     0.573567     0.823700     0.842800
553 H     0.906900     0.157033     0.342800
554 H     0.906900     0.157033     0.842800
555 H     0.906900     0.490367     0.342800
556 H     0.906900     0.490367     0.842800
557 H     0.906900     0.823700     0.342800
558 H     0.906900     0.823700     0.842800
559 H     0.250133     0.093100     0.176133
560 H     0.250133     0.093100     0.676133
561 H     0.250133     0.426433     0.176133
562 H     0.250133     0.426433     0.676133
563 H     0.250133     0.759767     0.176133
564 H     0.250133     0.759767     0.676133
565 H     0.583467     0.093100     0.176133
566 H     0.583467     0.093100     0.676133
567 H     0.583467     0.426433     0.176133
568 H     0.583467     0.426433     0.676133
569 H     0.583467     0.759767     0.176133
570 H     0.583467     0.759767     0.676133
571 H     0.916800     0.093100     0.176133
572 H     0.916800     0.093100     0.676133
573 H     0.916800     0.426433     0.176133
574 H     0.916800     0.426433     0.676133
575 H     0.916800     0.759767     0.176133
576 H     0.916800     0.759767     0.676133
577 H     0.176300     0.083200     0.009467
578 H     0.176300     0.083200     0.509467
579 H     0.176300     0.416533     0.009467
580 H     0.176300     0.416533     0.509467
581 H     0.176300     0.749867     0.009467
582 H     0.176300     0.749867     0.509467
583 H     0.509633     0.083200     0.009467
584 H     0.509633     0.083200     0.509467
585 H     0.509633     0.416533     0.009467
586 H     0.509633     0.416533     0.509467
587 H     0.509633     0.749867     0.009467
588 H     0.509633     0.749867     0.509467
589 H     0.842967     0.083200     0.009467
590 H     0.842967     0.083200     0.509467
591 H     0.842967     0.416533     0.009467
592 H     0.842967     0.416533     0.509467
593 H     0.842967     0.749867     0.009467
594 H     0.842967     0.749867     0.509467
595 H     0.083200     0.176300     0.157200
596 H     0.083200     0.176300     0.657200
597 H     0.083200     0.509633     0.157200
598 H     0.083200     0.509633     0.657200
599 H     0.083200     0.842967     0.157200
600 H     0.083200     0.842967     0.657200
601 H     0.416533     0.176300     0.157200
602 H     0.416533     0.176300     0.657200
603 H     0.416533     0.509633     0.157200
604 H     0.416533     0.509633     0.657200
605 H     0.416533     0.842967     0.157200
606 H     0.416533     0.842967     0.657200
607 H     0.749867     0.176300     0.157200
608 H     0.749867     0.176300     0.657200
609 H     0.749867     0.509633     0.157200
610 H     0.749867     0.509633     0.657200
611 H     0.749867     0.842967     0.157200
612 H     0.749867     0.842967     0.657200
613 H     0.157033     0.240233     0.323867
614 H     0.157033     0.240233     0.823867
615 H     0.157033     0.573567     0.323867
616 H     0.157033     0.573567     0.823867
617 H     0.157033     0.906900     0.323867
618 H     0.157033     0.906900     0.823867
619 H     0.490367     0.240233     0.323867
620 H     0.490367     0.240233     0.823867
621 H     0.490367     0.573567     0.323867
622 H     0.490367     0.573567     0.823867
623 H     0.490367     0.906900     0.323867
624 H     0.490367     0.906900     0.823867
625 H     0.823700     0.240233     0.323867
626 H     0.823700     0.240233     0.823867
627 H     0.823700     0.573567     0.323867
628 H     0.823700     0.573567     0.823867
629 H     0.823700     0.906900     0.323867
630 H     0.823700     0.906900     0.823867
631 H     0.093100     0.250133     0.490533
632 H     0.093100     0.250133     0.990533
633 H     0.093100     0.583467     0.490533
634 H     0.093100     0.583467     0.990533
635 H     0.093100     0.916800     0.490533
636 H     0.093100     0.916800     0.990533
637 H     0.426433     0.250133     0.490533
638 H     0.426433     0.250133     0.990533
639 H     0.426433     0.583467     0.490533
640 H     0.426433     0.583467     0.990533
641 H     0.426433     0.916800     0.490533
642 H     0.426433     0.916800     0.990533
643 H     0.759767     0.250133     0.490533
644 H     0.759767     0.250133     0.990533
645 H     0.759767     0.583467     0.490533
646 H     0.759767     0.583467     0.990533
647 H     0.759767     0.916800     0.490533
648 H     0.759767     0.916800     0.990533
649 H     0.197167     0.098533     0.331250
650 H     0.197167     0.098533     0.831250
651 H     0.197167     0.431867     0.331250
652 H     0.197167     0.431867     0.831250
653 H     0.197167     0.765200     0.331250
654 H     0.197167     0.765200     0.831250
655 H     0.530500     0.098533     0.331250
656 H     0.530500     0.098533     0.831250
657 H     0.530500     0.431867     0.331250
658 H     0.530500     0.431867     0.831250
659 H     0.530500     0.765200     0.331250
660 H     0.530500     0.765200     0.831250
661 H     0.863833     0.098533     0.331250
662 H     0.863833     0.098533     0.831250
663 H     0.863833     0.431867     0.331250
664 H     0.863833     0.431867     0.831250
665 H     0.863833     0.765200     0.331250
666 H     0.863833     0.765200     0.831250
667 H     0.234700     0.136167     0.164583
668 H     0.234700     0.136167     0.664583
669 H     0.234700     0.469500     0.164583
670 H     0.234700     0.469500     0.664583
671 H     0.234700     0.802833     0.164583
672 H     0.234700     0.802833     0.664583
673 H     0.568033     0.136167     0.164583
674 H     0.568033     0.136167     0.664583
675 H     0.568033     0.469500     0.164583
676 H     0.568033     0.469500     0.664583
677 H     0.568033     0.802833     0.164583
678 H     0.568033     0.802833     0.664583
679 H     0.901367     0.136167     0.164583
680 H     0.901367     0.136167     0.664583
681 H     0.901367     0.469500     0.164583
682 H     0.901367     0.469500     0.664583
683 H     0.901367     0.802833     0.164583
684 H     0.901367     0.802833     0.664583
685 H     0.234800     0.098633     0.497917
686 H     0.234800     0.098633     0.997917
687 H     0.234800     0.431967     0.497917
688 H     0.234800     0.431967     0.997917
689 H     0.234800     0.765300     0.497917
690 H     0.234800     0.765300     0.997917
691 H     0.568133     0.098633     0.497917
692 H     0.568133     0.098633     0.997917
693 H     0.568133     0.431967     0.497917
694 H     0.568133     0.431967     0.997917
695 H     0.568133     0.765300     0.497917
696 H     0.568133     0.765300     0.997917
697 H     0.901467     0.098633     0.497917
698 H     0.901467     0.098633     0.997917
699 H     0.901467     0.431967     0.497917
700 H     0.901467     0.431967     0.997917
701 H     0.901467     0.765300     0.497917
702 H     0.901467     0.765300     0.997917
703 H     0.098633     0.234800     0.168750
704 H     0.098633     0.234800     0.668750
705 H     0.098633     0.568133     0.168750
706 H     0.098633     0.568133     0.668750
707 H     0.098633     0.901467     0.168750
708 H     0.098633     0.901467     0.668750
709 H     0.431967     0.234800     0.168750
710 H     0.431967     0.234800     0.668750
711 H     0.431967     0.568133     0.168750
712 H     0.431967     0.568133     0.668750
713 H     0.431967     0.901467     0.168750
714 H     0.431967     0.901467     0.668750
715 H     0.765300     0.234800     0.168750
716 H     0.765300     0.234800     0.668750
717 H     0.765300     0.568133     0.168750
718 H     0.765300     0.568133     0.668750
719 H     0.765300     0.901467     0.168750
720 H     0.765300     0.901467     0.668750
721 H     0.098533     0.197167     0.335417
722 H     0.098533     0.197167     0.835417
723 H     0.098533     0.530500     0.335417
724 H     0.098533     0.530500     0.835417
725 H     0.098533     0.863833     0.335417
726 H     0.098533     0.863833     0.835417
727 H     0.431867     0.197167     0.335417
728 H     0.431867     0.197167     0.835417
729 H     0.431867     0.530500     0.335417
730 H     0.431867     0.530500     0.835417
731 H     0.431867     0.863833     0.335417
732 H     0.431867     0.863833     0.835417
733 H     0.765200     0.197167     0.335417
734 H     0.765200     0.197167     0.835417
735 H     0.765200     0.530500     0.335417
736 H     0.765200     0.530500     0.835417
737 H     0.765200     0.863833     0.335417
738 H     0.765200     0.863833     0.835417
739 H     0.136167     0.234700     0.002083
740 H     0.136167     0.234700     0.502083
741 H     0.136167     0.568033     0.002083
742 H     0.136167     0.568033     0.502083
743 H     0.136167     0.901367     0.002083
744 H     0.136167     0.901367     0.502083
745 H     0.469500     0.234700     0.002083
746 H     0.469500     0.234700     0.502083
747 H     0.469500     0.568033     0.002083
748 H     0.469500     0.568033     0.502083
749 H     0.469500     0.901367     0.002083
750 H     0.469500     0.901367     0.502083
751 H     0.802833     0.234700     0.002083
752 H     0.802833     0.234700     0.502083
753 H     0.802833     0.568033     0.002083
754 H     0.802833     0.568033     0.502083
755 H     0.802833     0.901367     0.002083
756 H     0.802833     0.901367     0.502083
757 C     0.267700     0.187800     0.246260
758 C     0.267700     0.187800     0.746260
759 C     0.267700     0.521133     0.246260
760 C     0.267700     0.521133     0.746260
761 C     0.267700     0.854467     0.246260
762 C     0.267700     0.854467     0.746260
763 C     0.601033     0.187800     0.246260
764 C     0.601033     0.187800     0.746260
765 C     0.601033     0.521133     0.246260
766 C     0.601033     0.521133     0.746260
767 C     0.601033     0.854467     0.246260
768 C     0.601033     0.854467     0.746260
769 C     0.934367     0.187800     0.246260
770 C     0.934367     0.187800     0.746260
771 C     0.934367     0.521133     0.246260
772 C     0.934367     0.521133     0.746260
773 C     0.934367     0.854467     0.246260
774 C     0.934367     0.854467     0.746260
775 C     0.253433     0.065633     0.079593
776 C     0.253433     0.065633     0.579593
777 C     0.253433     0.398967     0.079593
778 C     0.253433     0.398967     0.579593
779 C     0.253433     0.732300     0.079593
780 C     0.253433     0.732300     0.579593
781 C     0.586767     0.065633     0.079593
782 C     0.586767     0.065633     0.579593
783 C     0.586767     0.398967     0.079593
784 C     0.586767     0.398967     0.579593
785 C     0.586767     0.732300     0.079593
786 C     0.586767     0.732300     0.579593
787 C     0.920100     0.065633     0.079593
788 C     0.920100     0.065633     0.579593
789 C     0.920100     0.398967     0.079593
790 C     0.920100     0.398967     0.579593
791 C     0.920100     0.732300     0.079593
792 C     0.920100     0.732300     0.579593
793 C     0.145533     0.079900     0.412927
794 C     0.145533     0.079900     0.912927
795 C     0.145533     0.413233     0.412927
796 C     0.145533     0.413233     0.912927
797 C     0.145533     0.746567     0.412927
798 C     0.145533     0.746567     0.912927
799 C     0.478867     0.079900     0.412927
800 C     0.478867     0.079900     0.912927
801 C     0.478867     0.413233     0.412927
802 C     0.478867     0.413233     0.912927
803 C     0.478867     0.746567     0.412927
804 C     0.478867     0.746567     0.912927
805 C     0.812200     0.079900     0.412927
806 C     0.812200     0.079900     0.912927
807 C     0.812200     0.413233     0.412927
808 C     0.812200     0.413233     0.912927
809 C     0.812200     0.746567     0.412927
810 C     0.812200     0.746567     0.912927
811 C     0.079900     0.145533     0.253740
812 C     0.079900     0.145533     0.753740
813 C     0.079900     0.478867     0.253740
814 C     0.079900     0.478867     0.753740
815 C     0.079900     0.812200     0.253740
816 C     0.079900     0.812200     0.753740
817 C     0.413233     0.145533     0.253740
818 C     0.413233     0.145533     0.753740
819 C     0.413233     0.478867     0.253740
820 C     0.413233     0.478867     0.753740
821 C     0.413233     0.812200     0.253740
822 C     0.413233     0.812200     0.753740
823 C     0.746567     0.145533     0.253740
824 C     0.746567     0.145533     0.753740
825 C     0.746567     0.478867     0.253740
826 C     0.746567     0.478867     0.753740
827 C     0.746567     0.812200     0.253740
828 C     0.746567     0.812200     0.753740
829 C     0.187800     0.267700     0.420407
830 C     0.187800     0.267700     0.920407
831 C     0.187800     0.601033     0.420407
832 C     0.187800     0.601033     0.920407
833 C     0.187800     0.934367     0.420407
834 C     0.187800     0.934367     0.920407
835 C     0.521133     0.267700     0.420407
836 C     0.521133     0.267700     0.920407
837 C     0.521133     0.601033     0.420407
838 C     0.521133     0.601033     0.920407
839 C     0.521133     0.934367     0.420407
840 C     0.521133     0.934367     0.920407
841 C     0.854467     0.267700     0.420407
842 C     0.854467     0.267700     0.920407
843 C     0.854467     0.601033     0.420407
844 C     0.854467     0.601033     0.920407
845 C     0.854467     0.934367     0.420407
846 C     0.854467     0.934367     0.920407
847 C     0.065633     0.253433     0.087073
848 C     0.065633     0.253433     0.587073
849 C     0.065633     0.586767     0.087073
850 C     0.065633     0.586767     0.587073
851 C     0.065633     0.920100     0.087073
852 C     0.065633     0.920100     0.587073
853 C     0.398967     0.253433     0.087073
854 C     0.398967     0.253433     0.587073
855 C     0.398967     0.586767     0.087073
856 C     0.398967     0.586767     0.587073
857 C     0.398967     0.920100     0.087073
858 C     0.398967     0.920100     0.587073
859 C     0.732300     0.253433     0.087073
860 C     0.732300     0.253433     0.587073
861 C     0.732300     0.586767     0.087073
862 C     0.732300     0.586767     0.587073
863 C     0.732300     0.920100     0.087073
864 C     0.732300     0.920100     0.587073
865 C     0.237300     0.147733     0.292155
866 C     0.237300     0.147733     0.792155
867 C     0.237300     0.481067     0.292155
868 C     0.237300     0.481067     0.792155
869 C     0.237300     0.814400     0.292155
870 C     0.237300     0.814400     0.792155
871 C     0.570633     0.147733     0.292155
872 C     0.570633     0.147733     0.792155
873 C     0.570633     0.481067     0.292155
874 C     0.570633     0.481067     0.792155
875 C     0.570633     0.814400     0.292155
876 C     0.570633     0.814400     0.792155
877 C     0.903967     0.147733     0.292155
878 C     0.903967     0.147733     0.792155
879 C     0.903967     0.481067     0.292155
880 C     0.903967     0.481067     0.792155
881 C     0.903967     0.814400     0.292155
882 C     0.903967     0.814400     0.792155
883 C     0.243767     0.096033     0.125488
884 C     0.243767     0.096033     0.625488
885 C     0.243767     0.429367     0.125488
886 C     0.243767     0.429367     0.625488
887 C     0.243767     0.762700     0.125488
888 C     0.243767     0.762700     0.625488
889 C     0.577100     0.096033     0.125488
890 C     0.577100     0.096033     0.625488
891 C     0.577100     0.429367     0.125488
892 C     0.577100     0.429367     0.625488
893 C     0.577100     0.762700     0.125488
894 C     0.577100     0.762700     0.625488
895 C     0.910433     0.096033     0.125488
896 C     0.910433     0.096033     0.625488
897 C     0.910433     0.429367     0.125488
898 C     0.910433     0.429367     0.625488
899 C     0.910433     0.762700     0.125488
900 C     0.910433     0.762700     0.625488
901 C     0.185600     0.089567     0.458822
902 C     0.185600     0.089567     0.958822
903 C     0.185600     0.422900     0.458822
904 C     0.185600     0.422900     0.958822
905 C     0.185600     0.756233     0.458822
906 C     0.185600     0.756233     0.958822
907 C     0.518933     0.089567     0.458822
908 C     0.518933     0.089567     0.958822
909 C     0.518933     0.422900     0.458822
910 C     0.518933     0.422900     0.958822
911 C     0.518933     0.756233     0.458822
912 C     0.518933     0.756233     0.958822
913 C     0.852267     0.089567     0.458822
914 C     0.852267     0.089567     0.958822
915 C     0.852267     0.422900     0.458822
916 C     0.852267     0.422900     0.958822
917 C     0.852267     0.756233     0.458822
918 C     0.852267     0.756233     0.958822
919 C     0.089567     0.185600     0.207845
920 C     0.089567     0.185600     0.707845
921 C     0.089567     0.518933     0.207845
922 C     0.089567     0.518933     0.707845
923 C     0.089567     0.852267     0.207845
924 C     0.089567     0.852267     0.707845
925 C     0.422900     0.185600     0.207845
926 C     0.422900     0.185600     0.707845
927 C     0.422900     0.518933     0.207845
928 C     0.422900     0.518933     0.707845
929 C     0.422900     0.852267     0.207845
930 C     0.422900     0.852267     0.707845
931 C     0.756233     0.185600     0.207845
932 C     0.756233     0.185600     0.707845
933 C     0.756233     0.518933     0.207845
934 C     0.756233     0.518933     0.707845
935 C     0.756233     0.852267     0.207845
936 C     0.756233     0.852267     0.707845
937 C     0.147733     0.237300     0.374512
938 C     0.147733     0.237300     0.874512
939 C     0.147733     0.570633     0.374512
940 C     0.147733     0.570633     0.874512
941 C     0.147733     0.903967     0.374512
942 C     0.147733     0.903967     0.874512
943 C     0.481067     0.237300     0.374512
944 C     0.481067     0.237300     0.874512
945 C     0.481067     0.570633     0.374512
946 C     0.481067     0.570633     0.874512
947 C     0.481067     0.903967     0.374512
948 C     0.481067     0.903967     0.874512
949 C     0.814400     0.237300     0.374512
950 C     0.814400     0.237300     0.874512
951 C     0.814400     0.570633     0.374512
952 C     0.814400     0.570633     0.874512
953 C     0.814400     0.903967     0.374512
954 C     0.814400     0.903967     0.874512
955 C     0.096033     0.243767     0.041178
956 C     0.096033     0.243767     0.541178
957 C     0.096033     0.577100     0.041178
958 C     0.096033     0.577100     0.541178
959 C     0.096033     0.910433     0.041178
960 C     0.096033     0.910433     0.541178
961 C     0.429367     0.243767     0.041178
962 C     0.429367     0.243767     0.541178
963 C     0.429367     0.577100     0.041178
964 C     0.429367     0.577100     0.541178
965 C     0.429367     0.910433     0.041178
966 C     0.429367     0.910433     0.541178
967 C     0.762700     0.243767     0.041178
968 C     0.762700     0.243767     0.541178
969 C     0.762700     0.577100     0.041178
970 C     0.762700     0.577100     0.541178
971 C     0.762700     0.910433     0.041178
972 C     0.762700     0.910433     0.541178
973 C     0.233733     0.128000     0.327285
974 C     0.233733     0.128000     0.827285
975 C     0.233733     0.461333     0.327285
976 C     0.233733     0.461333     0.827285
977 C     0.233733     0.794667     0.327285
978 C     0.233733     0.794667     0.827285
979 C     0.567067     0.128000     0.327285
980 C     0.567067     0.128000     0.827285
981 C     0.567067     0.461333     0.327285
982 C     0.567067     0.461333     0.827285
983 C     0.567067     0.794667     0.327285
984 C     0.567067     0.794667     0.827285
985 C     0.900400     0.128000     0.327285
986 C     0.900400     0.128000     0.827285
987 C     0.900400     0.461333     0.327285
988 C     0.900400     0.461333     0.827285
989 C     0.900400     0.794667     0.327285
990 C     0.900400     0.794667     0.827285
991 C     0.227600     0.099600     0.160618
992 C     0.227600     0.099600     0.660618
993 C     0.227600     0.432933     0.160618
994 C     0.227600     0.432933     0.660618
995 C     0.227600     0.766267     0.160618
996 C     0.227600     0.766267     0.660618
997 C     0.560933     0.099600     0.160618
998 C     0.560933     0.099600     0.660618
999 C     0.560933     0.432933     0.160618
1000 C     0.560933     0.432933     0.660618
1001 C     0.560933     0.766267     0.160618
1002 C     0.560933     0.766267     0.660618
1003 C     0.894267     0.099600     0.160618
1004 C     0.894267     0.099600     0.660618
1005 C     0.894267     0.432933     0.160618
1006 C     0.894267     0.432933     0.660618
1007 C     0.894267     0.766267     0.160618
1008 C     0.894267     0.766267     0.660618
1009 C     0.205333     0.105733     0.493952
1010 C     0.205333     0.105733     0.993952
1011 C     0.205333     0.439067     0.493952
1012 C     0.205333     0.439067     0.993952
1013 C     0.205333     0.772400     0.493952
1014 C     0.205333     0.772400     0.993952
1015 C     0.538667     0.105733     0.493952
1016 C     0.538667     0.105733     0.993952
1017 C     0.538667     0.439067     0.493952
1018 C     0.538667     0.439067     0.993952
1019 C     0.538667     0.772400     0.493952
1020 C     0.538667     0.772400     0.993952
1021 C     0.872000     0.105733     0.493952
1022 C     0.872000     0.105733     0.993952
1023 C     0.872000     0.439067     0.493952
1024 C     0.872000     0.439067     0.993952
1025 C     0.872000     0.772400     0.493952
1026 C     0.872000     0.772400     0.993952
1027 C     0.105733     0.205333     0.172715
1028 C     0.105733     0.205333     0.672715
1029 C     0.105733     0.538667     0.172715
1030 C     0.105733     0.538667     0.672715
1031 C     0.105733     0.872000     0.172715
1032 C     0.105733     0.872000     0.672715
1033 C     0.439067     0.205333     0.172715
1034 C     0.439067     0.205333     0.672715
1035 C     0.439067     0.538667     0.172715
1036 C     0.439067     0.538667     0.672715
1037 C     0.439067     0.872000     0.172715
1038 C     0.439067     0.872000     0.672715
1039 C     0.772400     0.205333     0.172715
1040 C     0.772400     0.205333     0.672715
1041 C     0.772400     0.538667     0.172715
1042 C     0.772400     0.538667     0.672715
1043 C     0.772400     0.872000     0.172715
1044 C     0.772400     0.872000     0.672715
1045 C     0.128000     0.233733     0.339382
1046 C     0.128000     0.233733     0.839382
1047 C     0.128000     0.567067     0.339382
1048 C     0.128000     0.567067     0.839382
1049 C     0.128000     0.900400     0.339382
1050 C     0.128000     0.900400     0.839382
1051 C     0.461333     0.233733     0.339382
1052 C     0.461333     0.233733     0.839382
1053 C     0.461333     0.567067     0.339382
1054 C     0.461333     0.567067     0.839382
1055 C     0.461333     0.900400     0.339382
1056 C     0.461333     0.900400     0.839382
1057 C     0.794667     0.233733     0.339382
1058 C     0.794667     0.233733     0.839382
1059 C     0.794667     0.567067     0.339382
1060 C     0.794667     0.567067     0.839382
1061 C     0.794667     0.900400     0.339382
1062 C     0.794667     0.900400     0.839382
1063 C     0.099600     0.227600     0.006048
1064 C     0.099600     0.227600     0.506048
1065 C     0.099600     0.560933     0.006048
1066 C     0.099600     0.560933     0.506048
1067 C     0.099600     0.894267     0.006048
1068 C     0.099600     0.894267     0.506048
1069 C     0.432933     0.227600     0.006048
1070 C     0.432933     0.227600     0.506048
1071 C     0.432933     0.560933     0.006048
1072 C     0.432933     0.560933     0.506048
1073 C     0.432933     0.894267     0.006048
1074 C     0.432933     0.894267     0.506048
1075 C     0.766267     0.227600     0.006048
1076 C     0.766267     0.227600     0.506048
1077 C     0.766267     0.560933     0.006048
1078 C     0.766267     0.560933     0.506048
1079 C     0.766267     0.894267     0.006048
1080 C     0.766267     0.894267     0.506048
1081 C     0.109033     0.271800     0.331475
1082 C     0.109033     0.271800     0.831475
1083 C     0.109033     0.605133     0.331475
1084 C     0.109033     0.605133     0.831475
1085 C     0.109033     0.938467     0.331475
1086 C     0.109033     0.938467     0.831475
1087 C     0.442367     0.271800     0.331475
1088 C     0.442367     0.271800     0.831475
1089 C     0.442367     0.605133     0.331475
1090 C     0.442367     0.605133     0.831475
1091 C     0.442367     0.938467     0.331475
1092 C     0.442367     0.938467     0.831475
1093 C     0.775700     0.271800     0.331475
1094 C     0.775700     0.271800     0.831475
1095 C     0.775700     0.605133     0.331475
1096 C     0.775700     0.605133     0.831475
1097 C     0.775700     0.938467     0.331475
1098 C     0.775700     0.938467     0.831475
1099 C     0.162767     0.224300     0.164808
1100 C     0.162767     0.224300     0.664808
1101 C     0.162767     0.557633     0.164808
1102 C     0.162767     0.557633     0.664808
1103 C     0.162767     0.890967     0.164808
1104 C     0.162767     0.890967     0.664808
1105 C     0.496100     0.224300     0.164808
1106 C     0.496100     0.224300     0.664808
1107 C     0.496100     0.557633     0.164808
1108 C     0.496100     0.557633     0.664808
1109 C     0.496100     0.890967     0.164808
1110 C     0.496100     0.890967     0.664808
1111 C     0.829433     0.224300     0.164808
1112 C     0.829433     0.224300     0.664808
1113 C     0.829433     0.557633     0.164808
1114 C     0.829433     0.557633     0.664808
1115 C     0.829433     0.890967     0.164808
1116 C     0.829433     0.890967     0.664808
1117 C     0.061533     0.170567     0.498142
1118 C     0.061533     0.170567     0.998142
1119 C     0.061533     0.503900     0.498142
1120 C     0.061533     0.503900     0.998142
1121 C     0.061533     0.837233     0.498142
1122 C     0.061533     0.837233     0.998142
1123 C     0.394867     0.170567     0.498142
1124 C     0.394867     0.170567     0.998142
1125 C     0.394867     0.503900     0.498142
1126 C     0.394867     0.503900     0.998142
1127 C     0.394867     0.837233     0.498142
1128 C     0.394867     0.837233     0.998142
1129 C     0.728200     0.170567     0.498142
1130 C     0.728200     0.170567     0.998142
1131 C     0.728200     0.503900     0.498142
1132 C     0.728200     0.503900     0.998142
1133 C     0.728200     0.837233     0.498142
1134 C     0.728200     0.837233     0.998142
1135 C     0.170567     0.061533     0.168525
1136 C     0.170567     0.061533     0.668525
1137 C     0.170567     0.394867     0.168525
1138 C     0.170567     0.394867     0.668525
1139 C     0.170567     0.728200     0.168525
1140 C     0.170567     0.728200     0.668525
1141 C     0.503900     0.061533     0.168525
1142 C     0.503900     0.061533     0.668525
1143 C     0.503900     0.394867     0.168525
1144 C     0.503900     0.394867     0.668525
1145 C     0.503900     0.728200     0.168525
1146 C     0.503900     0.728200     0.668525
1147 C     0.837233     0.061533     0.168525
1148 C     0.837233     0.061533     0.668525
1149 C     0.837233     0.394867     0.168525
1150 C     0.837233     0.394867     0.668525
1151 C     0.837233     0.728200     0.168525
1152 C     0.837233     0.728200     0.668525
1153 C     0.271800     0.109033     0.335192
1154 C     0.271800     0.109033     0.835192
1155 C     0.271800     0.442367     0.335192
1156 C     0.271800     0.442367     0.835192
1157 C     0.271800     0.775700     0.335192
1158 C     0.271800     0.775700     0.835192
1159 C     0.605133     0.109033     0.335192
1160 C     0.605133     0.109033     0.835192
1161 C     0.605133     0.442367     0.335192
1162 C     0.605133     0.442367     0.835192
1163 C     0.605133     0.775700     0.335192
1164 C     0.605133     0.775700     0.835192
1165 C     0.938467     0.109033     0.335192
1166 C     0.938467     0.109033     0.835192
1167 C     0.938467     0.442367     0.335192
1168 C     0.938467     0.442367     0.835192
1169 C     0.938467     0.775700     0.335192
1170 C     0.938467     0.775700     0.835192
1171 C     0.224300     0.162767     0.001858
1172 C     0.224300     0.162767     0.501858
1173 C     0.224300     0.496100     0.001858
1174 C     0.224300     0.496100     0.501858
1175 C     0.224300     0.829433     0.001858
1176 C     0.224300     0.829433     0.501858
1177 C     0.557633     0.162767     0.001858
1178 C     0.557633     0.162767     0.501858
1179 C     0.557633     0.496100     0.001858
1180 C     0.557633     0.496100     0.501858
1181 C     0.557633     0.829433     0.001858
1182 C     0.557633     0.829433     0.501858
1183 C     0.890967     0.162767     0.001858
1184 C     0.890967     0.162767     0.501858
1185 C     0.890967     0.496100     0.001858
1186 C     0.890967     0.496100     0.501858
1187 C     0.890967     0.829433     0.001858
1188 C     0.890967     0.829433     0.501858
1189 C     0.065933     0.306200     0.310675
1190 C     0.065933     0.306200     0.810675
1191 C     0.065933     0.639533     0.310675
1192 C     0.065933     0.639533     0.810675
1193 C     0.065933     0.972867     0.310675
1194 C     0.065933     0.972867     0.810675
1195 C     0.399267     0.306200     0.310675
1196 C     0.399267     0.306200     0.810675
1197 C     0.399267     0.639533     0.310675
1198 C     0.399267     0.639533     0.810675
1199 C     0.399267     0.972867     0.310675
1200 C     0.399267     0.972867     0.810675
1201 C     0.732600     0.306200     0.310675
1202 C     0.732600     0.306200     0.810675
1203 C     0.732600     0.639533     0.310675
1204 C     0.732600     0.639533     0.810675
1205 C     0.732600     0.972867     0.310675
1206 C     0.732600     0.972867     0.810675
1207 C     0.240267     0.267400     0.144008
1208 C     0.240267     0.267400     0.644008
1209 C     0.240267     0.600733     0.144008
1210 C     0.240267     0.600733     0.644008
1211 C     0.240267     0.934067     0.144008
1212 C     0.240267     0.934067     0.644008
1213 C     0.573600     0.267400     0.144008
1214 C     0.573600     0.267400     0.644008
1215 C     0.573600     0.600733     0.144008
1216 C     0.573600     0.600733     0.644008
1217 C     0.573600     0.934067     0.144008
1218 C     0.573600     0.934067     0.644008
1219 C     0.906933     0.267400     0.144008
1220 C     0.906933     0.267400     0.644008
1221 C     0.906933     0.600733     0.144008
1222 C     0.906933     0.600733     0.644008
1223 C     0.906933     0.934067     0.144008
1224 C     0.906933     0.934067     0.644008
1225 C     0.027133     0.093067     0.477342
1226 C     0.027133     0.093067     0.977342
1227 C     0.027133     0.426400     0.477342
1228 C     0.027133     0.426400     0.977342
1229 C     0.027133     0.759733     0.477342
1230 C     0.027133     0.759733     0.977342
1231 C     0.360467     0.093067     0.477342
1232 C     0.360467     0.093067     0.977342
1233 C     0.360467     0.426400     0.477342
1234 C     0.360467     0.426400     0.977342
1235 C     0.360467     0.759733     0.477342
1236 C     0.360467     0.759733     0.977342
1237 C     0.693800     0.093067     0.477342
1238 C     0.693800     0.093067     0.977342
1239 C     0.693800     0.426400     0.477342
1240 C     0.693800     0.426400     0.977342
1241 C     0.693800     0.759733     0.477342
1242 C     0.693800     0.759733     0.977342
1243 C     0.093067     0.027133     0.189325
1244 C     0.093067     0.027133     0.689325
1245 C     0.093067     0.360467     0.189325
1246 C     0.093067     0.360467     0.689325
1247 C     0.093067     0.693800     0.189325
1248 C     0.093067     0.693800     0.689325
1249 C     0.426400     0.027133     0.189325
1250 C     0.426400     0.027133     0.689325
1251 C     0.426400     0.360467     0.189325
1252 C     0.426400     0.360467     0.689325
1253 C     0.426400     0.693800     0.189325
1254 C     0.426400     0.693800     0.689325
1255 C     0.759733     0.027133     0.189325
1256 C     0.759733     0.027133     0.689325
1257 C     0.759733     0.360467     0.189325
1258 C     0.759733     0.360467     0.689325
1259 C     0.759733     0.693800     0.189325
1260 C     0.759733     0.693800     0.689325
1261 C     0.306200     0.065933     0.355992
1262 C     0.306200     0.065933     0.855992
1263 C     0.306200     0.399267     0.355992
1264 C     0.306200     0.399267     0.855992
1265 C     0.306200     0.732600     0.355992
1266 C     0.306200     0.732600     0.855992
1267 C     0.639533     0.065933     0.355992
1268 C     0.639533     0.065933     0.855992
1269 C     0.639533     0.399267     0.355992
1270 C     0.639533     0.399267     0.855992
1271 C     0.639533     0.732600     0.355992
1272 C     0.639533     0.732600     0.855992
1273 C     0.972867     0.065933     0.355992
1274 C     0.972867     0.065933     0.855992
1275 C     0.972867     0.399267     0.355992
1276 C     0.972867     0.399267     0.855992
1277 C     0.972867     0.732600     0.355992
1278 C     0.972867     0.732600     0.855992
1279 C     0.267400     0.240267     0.022658
1280 C     0.267400     0.240267     0.522658
1281 C     0.267400     0.573600     0.022658
1282 C     0.267400     0.573600     0.522658
1283 C     0.267400     0.906933     0.022658
1284 C     0.267400     0.906933     0.522658
1285 C     0.600733     0.240267     0.022658
1286 C     0.600733     0.240267     0.522658
1287 C     0.600733     0.573600     0.022658
1288 C     0.600733     0.573600     0.522658
1289 C     0.600733     0.906933     0.022658
1290 C     0.600733     0.906933     0.522658
1291 C     0.934067     0.240267     0.022658
1292 C     0.934067     0.240267     0.522658
1293 C     0.934067     0.573600     0.022658
1294 C     0.934067     0.573600     0.522658
1295 C     0.934067     0.906933     0.022658
1296 C     0.934067     0.906933     0.522658
1297 N     0.215300     0.161900     0.244275
1298 N     0.215300     0.161900     0.744275
1299 N     0.215300     0.495233     0.244275
1300 N     0.215300     0.495233     0.744275
1301 N     0.215300     0.828567     0.244275
1302 N     0.215300     0.828567     0.744275
1303 N     0.548633     0.161900     0.244275
1304 N     0.548633     0.161900     0.744275
1305 N     0.548633     0.495233     0.244275
1306 N     0.548633     0.495233     0.744275
1307 N     0.548633     0.828567     0.244275
1308 N     0.548633     0.828567     0.744275
1309 N     0.881967     0.161900     0.244275
1310 N     0.881967     0.161900     0.744275
1311 N     0.881967     0.495233     0.244275
1312 N     0.881967     0.495233     0.744275
1313 N     0.881967     0.828567     0.244275
1314 N     0.881967     0.828567     0.744275
1315 N     0.279933     0.118033     0.077608
1316 N     0.279933     0.118033     0.577608
1317 N     0.279933     0.451367     0.077608
1318 N     0.279933     0.451367     0.577608
1319 N     0.279933     0.784700     0.077608
1320 N     0.279933     0.784700     0.577608
1321 N     0.613267     0.118033     0.077608
1322 N     0.613267     0.118033     0.577608
1323 N     0.613267     0.451367     0.077608
1324 N     0.613267     0.451367     0.577608
1325 N     0.613267     0.784700     0.077608
1326 N     0.613267     0.784700     0.577608
1327 N     0.946600     0.118033     0.077608
1328 N     0.946600     0.118033     0.577608
1329 N     0.946600     0.451367     0.077608
1330 N     0.946600     0.451367     0.577608
1331 N     0.946600     0.784700     0.077608
1332 N     0.946600     0.784700     0.577608
1333 N     0.171433     0.053400     0.410942
1334 N     0.171433     0.053400     0.910942
1335 N     0.171433     0.386733     0.410942
1336 N     0.171433     0.386733     0.910942
1337 N     0.171433     0.720067     0.410942
1338 N     0.171433     0.720067     0.910942
1339 N     0.504767     0.053400     0.410942
1340 N     0.504767     0.053400     0.910942
1341 N     0.504767     0.386733     0.410942
1342 N     0.504767     0.386733     0.910942
1343 N     0.504767     0.720067     0.410942
1344 N     0.504767     0.720067     0.910942
1345 N     0.838100     0.053400     0.410942
1346 N     0.838100     0.053400     0.910942
1347 N     0.838100     0.386733     0.410942
1348 N     0.838100     0.386733     0.910942
1349 N     0.838100     0.720067     0.410942
1350 N     0.838100     0.720067     0.910942
1351 N     0.053400     0.171433     0.255725
1352 N     0.053400     0.171433     0.755725
1353 N     0.053400     0.504767     0.255725
1354 N     0.053400     0.504767     0.755725
1355 N     0.053400     0.838100     0.255725
1356 N     0.053400     0.838100     0.755725
1357 N     0.386733     0.171433     0.255725
1358 N     0.386733     0.171433     0.755725
1359 N     0.386733     0.504767     0.255725
1360 N     0.386733     0.504767     0.755725
1361 N     0.386733     0.838100     0.255725
1362 N     0.386733     0.838100     0.755725
1363 N     0.720067     0.171433     0.255725
1364 N     0.720067     0.171433     0.755725
1365 N     0.720067     0.504767     0.255725
1366 N     0.720067     0.504767     0.755725
1367 N     0.720067     0.838100     0.255725
1368 N     0.720067     0.838100     0.755725
1369 N     0.161900     0.215300     0.422392
1370 N     0.161900     0.215300     0.922392
1371 N     0.161900     0.548633     0.422392
1372 N     0.161900     0.548633     0.922392
1373 N     0.161900     0.881967     0.422392
1374 N     0.161900     0.881967     0.922392
1375 N     0.495233     0.215300     0.422392
1376 N     0.495233     0.215300     0.922392
1377 N     0.495233     0.548633     0.422392
1378 N     0.495233     0.548633     0.922392
1379 N     0.495233     0.881967     0.422392
1380 N     0.495233     0.881967     0.922392
1381 N     0.828567     0.215300     0.422392
1382 N     0.828567     0.215300     0.922392
1383 N     0.828567     0.548633     0.422392
1384 N     0.828567     0.548633     0.922392
1385 N     0.828567     0.881967     0.422392
1386 N     0.828567     0.881967     0.922392
1387 N     0.118033     0.279933     0.089058
1388 N     0.118033     0.279933     0.589058
1389 N     0.118033     0.613267     0.089058
1390 N     0.118033     0.613267     0.589058
1391 N     0.118033     0.946600     0.089058
1392 N     0.118033     0.946600     0.589058
1393 N     0.451367     0.279933     0.089058
1394 N     0.451367     0.279933     0.589058
1395 N     0.451367     0.613267     0.089058
1396 N     0.451367     0.613267     0.589058
1397 N     0.451367     0.946600     0.089058
1398 N     0.451367     0.946600     0.589058
1399 N     0.784700     0.279933     0.089058
1400 N     0.784700     0.279933     0.589058
1401 N     0.784700     0.613267     0.089058
1402 N     0.784700     0.613267     0.589058
1403 N     0.784700     0.946600     0.089058
1404 N     0.784700     0.946600     0.589058
1405 N     0.195400     0.135700     0.274565
1406 N     0.195400     0.135700     0.774565
1407 N     0.195400     0.469033     0.274565
1408 N     0.195400     0.469033     0.774565
1409 N     0.195400     0.802367     0.274565
1410 N     0.195400     0.802367     0.774565
1411 N     0.528733     0.135700     0.274565
1412 N     0.528733     0.135700     0.774565
1413 N     0.528733     0.469033     0.274565
1414 N     0.528733     0.469033     0.774565
1415 N     0.528733     0.802367     0.274565
1416 N     0.528733     0.802367     0.774565
1417 N     0.862067     0.135700     0.274565
1418 N     0.862067     0.135700     0.774565
1419 N     0.862067     0.469033     0.274565
1420 N     0.862067     0.469033     0.774565
1421 N     0.862067     0.802367     0.274565
1422 N     0.862067     0.802367     0.774565
1423 N     0.273633     0.137933     0.107898
1424 N     0.273633     0.137933     0.607898
1425 N     0.273633     0.471267     0.107898
1426 N     0.273633     0.471267     0.607898
1427 N     0.273633     0.804600     0.107898
1428 N     0.273633     0.804600     0.607898
1429 N     0.606967     0.137933     0.107898
1430 N     0.606967     0.137933     0.607898
1431 N     0.606967     0.471267     0.107898
1432 N     0.606967     0.471267     0.607898
1433 N     0.606967     0.804600     0.107898
1434 N     0.606967     0.804600     0.607898
1435 N     0.940300     0.137933     0.107898
1436 N     0.940300     0.137933     0.607898
1437 N     0.940300     0.471267     0.107898
1438 N     0.940300     0.471267     0.607898
1439 N     0.940300     0.804600     0.107898
1440 N     0.940300     0.804600     0.607898
1441 N     0.197633     0.059700     0.441232
1442 N     0.197633     0.059700     0.941232
1443 N     0.197633     0.393033     0.441232
1444 N     0.197633     0.393033     0.941232
1445 N     0.197633     0.726367     0.441232
1446 N     0.197633     0.726367     0.941232
1447 N     0.530967     0.059700     0.441232
1448 N     0.530967     0.059700     0.941232
1449 N     0.530967     0.393033     0.441232
1450 N     0.530967     0.393033     0.941232
1451 N     0.530967     0.726367     0.441232
1452 N     0.530967     0.726367     0.941232
1453 N     0.864300     0.059700     0.441232
1454 N     0.864300     0.059700     0.941232
1455 N     0.864300     0.393033     0.441232
1456 N     0.864300     0.393033     0.941232
1457 N     0.864300     0.726367     0.441232
1458 N     0.864300     0.726367     0.941232
1459 N     0.059700     0.197633     0.225435
1460 N     0.059700     0.197633     0.725435
1461 N     0.059700     0.530967     0.225435
1462 N     0.059700     0.530967     0.725435
1463 N     0.059700     0.864300     0.225435
1464 N     0.059700     0.864300     0.725435
1465 N     0.393033     0.197633     0.225435
1466 N     0.393033     0.197633     0.725435
1467 N     0.393033     0.530967     0.225435
1468 N     0.393033     0.530967     0.725435
1469 N     0.393033     0.864300     0.225435
1470 N     0.393033     0.864300     0.725435
1471 N     0.726367     0.197633     0.225435
1472 N     0.726367     0.197633     0.725435
1473 N     0.726367     0.530967     0.225435
1474 N     0.726367     0.530967     0.725435
1475 N     0.726367     0.864300     0.225435
1476 N     0.726367     0.864300     0.725435
1477 N     0.135700     0.195400     0.392102
1478 N     0.135700     0.195400     0.892102
1479 N     0.135700     0.528733     0.392102
1480 N     0.135700     0.528733     0.892102
1481 N     0.135700     0.862067     0.392102
1482 N     0.135700     0.862067     0.892102
1483 N     0.469033     0.195400     0.392102
1484 N     0.469033     0.195400     0.892102
1485 N     0.469033     0.528733     0.392102
1486 N     0.469033     0.528733     0.892102
1487 N     0.469033     0.862067     0.392102
1488 N     0.469033     0.862067     0.892102
1489 N     0.802367     0.195400     0.392102
1490 N     0.802367     0.195400     0.892102
1491 N     0.802367     0.528733     0.392102
1492 N     0.802367     0.528733     0.892102
1493 N     0.802367     0.862067     0.392102
1494 N     0.802367     0.862067     0.892102
1495 N     0.137933     0.273633     0.058768
1496 N     0.137933     0.273633     0.558768
1497 N     0.137933     0.606967     0.058768
1498 N     0.137933     0.606967     0.558768
1499 N     0.137933     0.940300     0.058768
1500 N     0.137933     0.940300     0.558768
1501 N     0.471267     0.273633     0.058768
1502 N     0.471267     0.273633     0.558768
1503 N     0.471267     0.606967     0.058768
1504 N     0.471267     0.606967     0.558768
1505 N     0.471267     0.940300     0.058768
1506 N     0.471267     0.940300     0.558768
1507 N     0.804600     0.273633     0.058768
1508 N     0.804600     0.273633     0.558768
1509 N     0.804600     0.606967     0.058768
1510 N     0.804600     0.606967     0.558768
1511 N     0.804600     0.940300     0.058768
1512 N     0.804600     0.940300     0.558768
1513 N     0.283967     0.180433     0.276360
1514 N     0.283967     0.180433     0.776360
1515 N     0.283967     0.513767     0.276360
1516 N     0.283967     0.513767     0.776360
1517 N     0.283967     0.847100     0.276360
1518 N     0.283967     0.847100     0.776360
1519 N     0.617300     0.180433     0.276360
1520 N     0.617300     0.180433     0.776360
1521 N     0.617300     0.513767     0.276360
1522 N     0.617300     0.513767     0.776360
1523 N     0.617300     0.847100     0.276360
1524 N     0.617300     0.847100     0.776360
1525 N     0.950633     0.180433     0.276360
1526 N     0.950633     0.180433     0.776360
1527 N     0.950633     0.513767     0.276360
1528 N     0.950633     0.513767     0.776360
1529 N     0.950633     0.847100     0.276360
1530 N     0.950633     0.847100     0.776360
1531 N     0.229800     0.049367     0.109693
1532 N     0.229800     0.049367     0.609693
1533 N     0.229800     0.382700     0.109693
1534 N     0.229800     0.382700     0.609693
1535 N     0.229800     0.716033     0.109693
1536 N     0.229800     0.716033     0.609693
1537 N     0.563133     0.049367     0.109693
1538 N     0.563133     0.049367     0.609693
1539 N     0.563133     0.382700     0.109693
1540 N     0.563133     0.382700     0.609693
1541 N     0.563133     0.716033     0.109693
1542 N     0.563133     0.716033     0.609693
1543 N     0.896467     0.049367     0.109693
1544 N     0.896467     0.049367     0.609693
1545 N     0.896467     0.382700     0.109693
1546 N     0.896467     0.382700     0.609693
1547 N     0.896467     0.716033     0.109693
1548 N     0.896467     0.716033     0.609693
1549 N     0.152900     0.103533     0.443027
1550 N     0.152900     0.103533     0.943027
1551 N     0.152900     0.436867     0.443027
1552 N     0.152900     0.436867     0.943027
1553 N     0.152900     0.770200     0.443027
1554 N     0.152900     0.770200     0.943027
1555 N     0.486233     0.103533     0.443027
1556 N     0.486233     0.103533     0.943027
1557 N     0.486233     0.436867     0.443027
1558 N     0.486233     0.436867     0.943027
1559 N     0.486233     0.770200     0.443027
1560 N     0.486233     0.770200     0.943027
1561 N     0.819567     0.103533     0.443027
1562 N     0.819567     0.103533     0.943027
1563 N     0.819567     0.436867     0.443027
1564 N     0.819567     0.436867     0.943027
1565 N     0.819567     0.770200     0.443027
1566 N     0.819567     0.770200     0.943027
1567 N     0.103533     0.152900     0.223640
1568 N     0.103533     0.152900     0.723640
1569 N     0.103533     0.486233     0.223640
1570 N     0.103533     0.486233     0.723640
1571 N     0.103533     0.819567     0.223640
1572 N     0.103533     0.819567     0.723640
1573 N     0.436867     0.152900     0.223640
1574 N     0.436867     0.152900     0.723640
1575 N     0.436867     0.486233     0.223640
1576 N     0.436867     0.486233     0.723640
1577 N     0.436867     0.819567     0.223640
1578 N     0.436867     0.819567     0.723640
1579 N     0.770200     0.152900     0.223640
1580 N     0.770200     0.152900     0.723640
1581 N     0.770200     0.486233     0.223640
1582 N     0.770200     0.486233     0.723640
1583 N     0.770200     0.819567     0.223640
1584 N     0.770200     0.819567     0.723640
1585 N     0.180433     0.283967     0.390307
1586 N     0.180433     0.283967     0.890307
1587 N     0.180433     0.617300     0.390307
1588 N     0.180433     0.617300     0.890307
1589 N     0.180433     0.950633     0.390307
1590 N     0.180433     0.950633     0.890307
1591 N     0.513767     0.283967     0.390307
1592 N     0.513767     0.283967     0.890307
1593 N     0.513767     0.617300     0.390307
1594 N     0.513767     0.617300     0.890307
1595 N     0.513767     0.950633     0.390307
1596 N     0.513767     0.950633     0.890307
1597 N     0.847100     0.283967     0.390307
1598 N     0.847100     0.283967     0.890307
1599 N     0.847100     0.617300     0.390307
1600 N     0.847100     0.617300     0.890307
1601 N     0.847100     0.950633     0.390307
1602 N     0.847100     0.950633     0.890307
1603 N     0.049367     0.229800     0.056973
1604 N     0.049367     0.229800     0.556973
1605 N     0.049367     0.563133     0.056973
1606 N     0.049367     0.563133     0.556973
1607 N     0.049367     0.896467     0.056973
1608 N     0.049367     0.896467     0.556973
1609 N     0.382700     0.229800     0.056973
1610 N     0.382700     0.229800     0.556973
1611 N     0.382700     0.563133     0.056973
1612 N     0.382700     0.563133     0.556973
1613 N     0.382700     0.896467     0.056973
1614 N     0.382700     0.896467     0.556973
1615 N     0.716033     0.229800     0.056973
1616 N     0.716033     0.229800     0.556973
1617 N     0.716033     0.563133     0.056973
1618 N     0.716033     0.563133     0.556973
1619 N     0.716033     0.896467     0.056973
1620 N     0.716033     0.896467     0.556973
1621 N     0.302200     0.220733     0.222530
1622 N     0.302200     0.220733     0.722530
1623 N     0.302200     0.554067     0.222530
1624 N     0.302200     0.554067     0.722530
1625 N     0.302200     0.887400     0.222530
1626 N     0.302200     0.887400     0.722530
1627 N     0.635533     0.220733     0.222530
1628 N     0.635533     0.220733     0.722530
1629 N     0.635533     0.554067     0.222530
1630 N     0.635533     0.554067     0.722530
1631 N     0.635533     0.887400     0.222530
1632 N     0.635533     0.887400     0.722530
1633 N     0.968867     0.220733     0.222530
1634 N     0.968867     0.220733     0.722530
1635 N     0.968867     0.554067     0.222530
1636 N     0.968867     0.554067     0.722530
1637 N     0.968867     0.887400     0.222530
1638 N     0.968867     0.887400     0.722530
1639 N     0.251867     0.031133     0.055863
1640 N     0.251867     0.031133     0.555863
1641 N     0.251867     0.364467     0.055863
1642 N     0.251867     0.364467     0.555863
1643 N     0.251867     0.697800     0.055863
1644 N     0.251867     0.697800     0.555863
1645 N     0.585200     0.031133     0.055863
1646 N     0.585200     0.031133     0.555863
1647 N     0.585200     0.364467     0.055863
1648 N     0.585200     0.364467     0.555863
1649 N     0.585200     0.697800     0.055863
1650 N     0.585200     0.697800     0.555863
1651 N     0.918533     0.031133     0.055863
1652 N     0.918533     0.031133     0.555863
1653 N     0.918533     0.364467     0.055863
1654 N     0.918533     0.364467     0.555863
1655 N     0.918533     0.697800     0.055863
1656 N     0.918533     0.697800     0.555863
1657 N     0.112600     0.081467     0.389197
1658 N     0.112600     0.081467     0.889197
1659 N     0.112600     0.414800     0.389197
1660 N     0.112600     0.414800     0.889197
1661 N     0.112600     0.748133     0.389197
1662 N     0.112600     0.748133     0.889197
1663 N     0.445933     0.081467     0.389197
1664 N     0.445933     0.081467     0.889197
1665 N     0.445933     0.414800     0.389197
1666 N     0.445933     0.414800     0.889197
1667 N     0.445933     0.748133     0.389197
1668 N     0.445933     0.748133     0.889197
1669 N     0.779267     0.081467     0.389197
1670 N     0.779267     0.081467     0.889197
1671 N     0.779267     0.414800     0.389197
1672 N     0.779267     0.414800     0.889197
1673 N     0.779267     0.748133     0.389197
1674 N     0.779267     0.748133     0.889197
1675 N     0.081467     0.112600     0.277470
1676 N     0.081467     0.112600     0.777470
1677 N     0.081467     0.445933     0.277470
1678 N     0.081467     0.445933     0.777470
1679 N     0.081467     0.779267     0.277470
1680 N     0.081467     0.779267     0.777470
1681 N     0.414800     0.112600     0.277470
1682 N     0.414800     0.112600     0.777470
1683 N     0.414800     0.445933     0.277470
1684 N     0.414800     0.445933     0.777470
1685 N     0.414800     0.779267     0.277470
1686 N     0.414800     0.779267     0.777470
1687 N     0.748133     0.112600     0.277470
1688 N     0.748133     0.112600     0.777470
1689 N     0.748133     0.445933     0.277470
1690 N     0.748133     0.445933     0.777470
1691 N     0.748133     0.779267     0.277470
1692 N     0.748133     0.779267     0.777470
1693 N     0.220733     0.302200     0.444137
1694 N     0.220733     0.302200     0.944137
1695 N     0.220733     0.635533     0.444137
1696 N     0.220733     0.635533     0.944137
1697 N     0.220733     0.968867     0.444137
1698 N     0.220733     0.968867     0.944137
1699 N     0.554067     0.302200     0.444137
1700 N     0.554067     0.302200     0.944137
1701 N     0.554067     0.635533     0.444137
1702 N     0.554067     0.635533     0.944137
1703 N     0.554067     0.968867     0.444137
1704 N     0.554067     0.968867     0.944137
1705 N     0.887400     0.302200     0.444137
1706 N     0.887400     0.302200     0.944137
1707 N     0.887400     0.635533     0.444137
1708 N     0.887400     0.635533     0.944137
1709 N     0.887400     0.968867     0.444137
1710 N     0.887400     0.968867     0.944137
1711 N     0.031133     0.251867     0.110803
1712 N     0.031133     0.251867     0.610803
1713 N     0.031133     0.585200     0.110803
1714 N     0.031133     0.585200     0.610803
1715 N     0.031133     0.918533     0.110803
1716 N     0.031133     0.918533     0.610803
1717 N     0.364467     0.251867     0.110803
1718 N     0.364467     0.251867     0.610803
1719 N     0.364467     0.585200     0.110803
1720 N     0.364467     0.585200     0.610803
1721 N     0.364467     0.918533     0.110803
1722 N     0.364467     0.918533     0.610803
1723 N     0.697800     0.251867     0.110803
1724 N     0.697800     0.251867     0.610803
1725 N     0.697800     0.585200     0.110803
1726 N     0.697800     0.585200     0.610803
1727 N     0.697800     0.918533     0.110803
1728 N     0.697800     0.918533     0.610803
1729 N     0.066933     0.259967     0.311385
1730 N     0.066933     0.259967     0.811385
1731 N     0.066933     0.593300     0.311385
1732 N     0.066933     0.593300     0.811385
1733 N     0.066933     0.926633     0.311385
1734 N     0.066933     0.926633     0.811385
1735 N     0.400267     0.259967     0.311385
1736 N     0.400267     0.259967     0.811385
1737 N     0.400267     0.593300     0.311385
1738 N     0.400267     0.593300     0.811385
1739 N     0.400267     0.926633     0.311385
1740 N     0.400267     0.926633     0.811385
1741 N     0.733600     0.259967     0.311385
1742 N     0.733600     0.259967     0.811385
1743 N     0.733600     0.593300     0.311385
1744 N     0.733600     0.593300     0.811385
1745 N     0.733600     0.926633     0.311385
1746 N     0.733600     0.926633     0.811385
1747 N     0.193033     0.266400     0.144718
1748 N     0.193033     0.266400     0.644718
1749 N     0.193033     0.599733     0.144718
1750 N     0.193033     0.599733     0.644718
1751 N     0.193033     0.933067     0.144718
1752 N     0.193033     0.933067     0.644718
1753 N     0.526367     0.266400     0.144718
1754 N     0.526367     0.266400     0.644718
1755 N     0.526367     0.599733     0.144718
1756 N     0.526367     0.599733     0.644718
1757 N     0.526367     0.933067     0.144718
1758 N     0.526367     0.933067     0.644718
1759 N     0.859700     0.266400     0.144718
1760 N     0.859700     0.266400     0.644718
1761 N     0.859700     0.599733     0.144718
1762 N     0.859700     0.599733     0.644718
1763 N     0.859700     0.933067     0.144718
1764 N     0.859700     0.933067     0.644718
1765 N     0.073367     0.140300     0.478052
1766 N     0.073367     0.140300     0.978052
1767 N     0.073367     0.473633     0.478052
1768 N     0.073367     0.473633     0.978052
1769 N     0.073367     0.806967     0.478052
1770 N     0.073367     0.806967     0.978052
1771 N     0.406700     0.140300     0.478052
1772 N     0.406700     0.140300     0.978052
1773 N     0.406700     0.473633     0.478052
1774 N     0.406700     0.473633     0.978052
1775 N     0.406700     0.806967     0.478052
1776 N     0.406700     0.806967     0.978052
1777 N     0.740033     0.140300     0.478052
1778 N     0.740033     0.140300     0.978052
1779 N     0.740033     0.473633     0.478052
1780 N     0.740033     0.473633     0.978052
1781 N     0.740033     0.806967     0.478052
1782 N     0.740033     0.806967     0.978052
1783 N     0.140300     0.073367     0.188615
1784 N     0.140300     0.073367     0.688615
1785 N     0.140300     0.406700     0.188615
1786 N     0.140300     0.406700     0.688615
1787 N     0.140300     0.740033     0.188615
1788 N     0.140300     0.740033     0.688615
1789 N     0.473633     0.073367     0.188615
1790 N     0.473633     0.073367     0.688615
1791 N     0.473633     0.406700     0.188615
1792 N     0.473633     0.406700     0.688615
1793 N     0.473633     0.740033     0.188615
1794 N     0.473633     0.740033     0.688615
1795 N     0.806967     0.073367     0.188615
1796 N     0.806967     0.073367     0.688615
1797 N     0.806967     0.406700     0.188615
1798 N     0.806967     0.406700     0.688615
1799 N     0.806967     0.740033     0.188615
1800 N     0.806967     0.740033     0.688615
1801 N     0.259967     0.066933     0.355282
1802 N     0.259967     0.066933     0.855282
1803 N     0.259967     0.400267     0.355282
1804 N     0.259967     0.400267     0.855282
1805 N     0.259967     0.733600     0.355282
1806 N     0.259967     0.733600     0.855282
1807 N     0.593300     0.066933     0.355282
1808 N     0.593300     0.066933     0.855282
1809 N     0.593300     0.400267     0.355282
1810 N     0.593300     0.400267     0.855282
1811 N     0.593300     0.733600     0.355282
1812 N     0.593300     0.733600     0.855282
1813 N     0.926633     0.066933     0.355282
1814 N     0.926633     0.066933     0.855282
1815 N     0.926633     0.400267     0.355282
1816 N     0.926633     0.400267     0.855282
1817 N     0.926633     0.733600     0.355282
1818 N     0.926633     0.733600     0.855282
1819 N     0.266400     0.193033     0.021948
1820 N     0.266400     0.193033     0.521948
1821 N     0.266400     0.526367     0.021948
1822 N     0.266400     0.526367     0.521948
1823 N     0.266400     0.859700     0.021948
1824 N     0.266400     0.859700     0.521948
1825 N     0.599733     0.193033     0.021948
1826 N     0.599733     0.193033     0.521948
1827 N     0.599733     0.526367     0.021948
1828 N     0.599733     0.526367     0.521948
1829 N     0.599733     0.859700     0.021948
1830 N     0.599733     0.859700     0.521948
1831 N     0.933067     0.193033     0.021948
1832 N     0.933067     0.193033     0.521948
1833 N     0.933067     0.526367     0.021948
1834 N     0.933067     0.526367     0.521948
1835 N     0.933067     0.859700     0.021948
1836 N     0.933067     0.859700     0.521948
1837 N     0.131033     0.320933     0.342070
1838 N     0.131033     0.320933     0.842070
1839 N     0.131033     0.654267     0.342070
1840 N     0.131033     0.654267     0.842070
1841 N     0.131033     0.987600     0.342070
1842 N     0.131033     0.987600     0.842070
1843 N     0.464367     0.320933     0.342070
1844 N     0.464367     0.320933     0.842070
1845 N     0.464367     0.654267     0.342070
1846 N     0.464367     0.654267     0.842070
1847 N     0.464367     0.987600     0.342070
1848 N     0.464367     0.987600     0.842070
1849 N     0.797700     0.320933     0.342070
1850 N     0.797700     0.320933     0.842070
1851 N     0.797700     0.654267     0.342070
1852 N     0.797700     0.654267     0.842070
1853 N     0.797700     0.987600     0.342070
1854 N     0.797700     0.987600     0.842070
1855 N     0.189900     0.202300     0.175403
1856 N     0.189900     0.202300     0.675403
1857 N     0.189900     0.535633     0.175403
1858 N     0.189900     0.535633     0.675403
1859 N     0.189900     0.868967     0.175403
1860 N     0.189900     0.868967     0.675403
1861 N     0.523233     0.202300     0.175403
1862 N     0.523233     0.202300     0.675403
1863 N     0.523233     0.535633     0.175403
1864 N     0.523233     0.535633     0.675403
1865 N     0.523233     0.868967     0.175403
1866 N     0.523233     0.868967     0.675403
1867 N     0.856567     0.202300     0.175403
1868 N     0.856567     0.202300     0.675403
1869 N     0.856567     0.535633     0.175403
1870 N     0.856567     0.535633     0.675403
1871 N     0.856567     0.868967     0.175403
1872 N     0.856567     0.868967     0.675403
1873 N     0.012400     0.143433     0.008737
1874 N     0.012400     0.143433     0.508737
1875 N     0.012400     0.476767     0.008737
1876 N     0.012400     0.476767     0.508737
1877 N     0.012400     0.810100     0.008737
1878 N     0.012400     0.810100     0.508737
1879 N     0.345733     0.143433     0.008737
1880 N     0.345733     0.143433     0.508737
1881 N     0.345733     0.476767     0.008737
1882 N     0.345733     0.476767     0.508737
1883 N     0.345733     0.810100     0.008737
1884 N     0.345733     0.810100     0.508737
1885 N     0.679067     0.143433     0.008737
1886 N     0.679067     0.143433     0.508737
1887 N     0.679067     0.476767     0.008737
1888 N     0.679067     0.476767     0.508737
1889 N     0.679067     0.810100     0.008737
1890 N     0.679067     0.810100     0.508737
1891 N     0.143433     0.012400     0.157930
1892 N     0.143433     0.012400     0.657930
1893 N     0.143433     0.345733     0.157930
1894 N     0.143433     0.345733     0.657930
1895 N     0.143433     0.679067     0.157930
1896 N     0.143433     0.679067     0.657930
1897 N     0.476767     0.012400     0.157930
1898 N     0.476767     0.012400     0.657930
1899 N     0.476767     0.345733     0.157930
1900 N     0.476767     0.345733     0.657930
1901 N     0.476767     0.679067     0.157930
1902 N     0.476767     0.679067     0.657930
1903 N     0.810100     0.012400     0.157930
1904 N     0.810100     0.012400     0.657930
1905 N     0.810100     0.345733     0.157930
1906 N     0.810100     0.345733     0.657930
1907 N     0.810100     0.679067     0.157930
1908 N     0.810100     0.679067     0.657930
1909 N     0.320933     0.131033     0.324597
1910 N     0.320933     0.131033     0.824597
1911 N     0.320933     0.464367     0.324597
1912 N     0.320933     0.464367     0.824597
1913 N     0.320933     0.797700     0.324597
1914 N     0.320933     0.797700     0.824597
1915 N     0.654267     0.131033     0.324597
1916 N     0.654267     0.131033     0.824597
1917 N     0.654267     0.464367     0.324597
1918 N     0.654267     0.464367     0.824597
1919 N     0.654267     0.797700     0.324597
1920 N     0.654267     0.797700     0.824597
1921 N     0.987600     0.131033     0.324597
1922 N     0.987600     0.131033     0.824597
1923 N     0.987600     0.464367     0.324597
1924 N     0.987600     0.464367     0.824597
1925 N     0.987600     0.797700     0.324597
1926 N     0.987600     0.797700     0.824597
1927 N     0.202300     0.189900     0.491263
1928 N     0.202300     0.189900     0.991263
1929 N     0.202300     0.523233     0.491263
1930 N     0.202300     0.523233     0.991263
1931 N     0.202300     0.856567     0.491263
1932 N     0.202300     0.856567     0.991263
1933 N     0.535633     0.189900     0.491263
1934 N     0.535633     0.189900     0.991263
1935 N     0.535633     0.523233     0.491263
1936 N     0.535633     0.523233     0.991263
1937 N     0.535633     0.856567     0.491263
1938 N     0.535633     0.856567     0.991263
1939 N     0.868967     0.189900     0.491263
1940 N     0.868967     0.189900     0.991263
1941 N     0.868967     0.523233     0.491263
1942 N     0.868967     0.523233     0.991263
1943 N     0.868967     0.856567     0.491263
1944 N     0.868967     0.856567     0.991263
1945 N     0.103167     0.010767     0.328940
1946 N     0.103167     0.010767     0.828940
1947 N     0.103167     0.344100     0.328940
1948 N     0.103167     0.344100     0.828940
1949 N     0.103167     0.677433     0.328940
1950 N     0.103167     0.677433     0.828940
1951 N     0.436500     0.010767     0.328940
1952 N     0.436500     0.010767     0.828940
1953 N     0.436500     0.344100     0.328940
1954 N     0.436500     0.344100     0.828940
1955 N     0.436500     0.677433     0.328940
1956 N     0.436500     0.677433     0.828940
1957 N     0.769833     0.010767     0.328940
1958 N     0.769833     0.010767     0.828940
1959 N     0.769833     0.344100     0.328940
1960 N     0.769833     0.344100     0.828940
1961 N     0.769833     0.677433     0.328940
1962 N     0.769833     0.677433     0.828940
1963 N     0.240933     0.230167     0.162273
1964 N     0.240933     0.230167     0.662273
1965 N     0.240933     0.563500     0.162273
1966 N     0.240933     0.563500     0.662273
1967 N     0.240933     0.896833     0.162273
1968 N     0.240933     0.896833     0.662273
1969 N     0.574267     0.230167     0.162273
1970 N     0.574267     0.230167     0.662273
1971 N     0.574267     0.563500     0.162273
1972 N     0.574267     0.563500     0.662273
1973 N     0.574267     0.896833     0.162273
1974 N     0.574267     0.896833     0.662273
1975 N     0.907600     0.230167     0.162273
1976 N     0.907600     0.230167     0.662273
1977 N     0.907600     0.563500     0.162273
1978 N     0.907600     0.563500     0.662273
1979 N     0.907600     0.896833     0.162273
1980 N     0.907600     0.896833     0.662273
1981 N     0.322567     0.092400     0.495607
1982 N     0.322567     0.092400     0.995607
1983 N     0.322567     0.425733     0.495607
1984 N     0.322567     0.425733     0.995607
1985 N     0.322567     0.759067     0.495607
1986 N     0.322567     0.759067     0.995607
1987 N     0.655900     0.092400     0.495607
1988 N     0.655900     0.092400     0.995607
1989 N     0.655900     0.425733     0.495607
1990 N     0.655900     0.425733     0.995607
1991 N     0.655900     0.759067     0.495607
1992 N     0.655900     0.759067     0.995607
1993 N     0.989233     0.092400     0.495607
1994 N     0.989233     0.092400     0.995607
1995 N     0.989233     0.425733     0.495607
1996 N     0.989233     0.425733     0.995607
1997 N     0.989233     0.759067     0.495607
1998 N     0.989233     0.759067     0.995607
1999 N     0.092400     0.322567     0.171060
2000 N     0.092400     0.322567     0.671060
2001 N     0.092400     0.655900     0.171060
2002 N     0.092400     0.655900     0.671060
2003 N     0.092400     0.989233     0.171060
2004 N     0.092400     0.989233     0.671060
2005 N     0.425733     0.322567     0.171060
2006 N     0.425733     0.322567     0.671060
2007 N     0.425733     0.655900     0.171060
2008 N     0.425733     0.655900     0.671060
2009 N     0.425733     0.989233     0.171060
2010 N     0.425733     0.989233     0.671060
2011 N     0.759067     0.322567     0.171060
2012 N     0.759067     0.322567     0.671060
2013 N     0.759067     0.655900     0.171060
2014 N     0.759067     0.655900     0.671060
2015 N     0.759067     0.989233     0.171060
2016 N     0.759067     0.989233     0.671060
2017 N     0.010767     0.103167     0.337727
2018 N     0.010767     0.103167     0.837727
2019 N     0.010767     0.436500     0.337727
2020 N     0.010767     0.436500     0.837727
2021 N     0.010767     0.769833     0.337727
2022 N     0.010767     0.769833     0.837727
2023 N     0.344100     0.103167     0.337727
2024 N     0.344100     0.103167     0.837727
2025 N     0.344100     0.436500     0.337727
2026 N     0.344100     0.436500     0.837727
2027 N     0.344100     0.769833     0.337727
2028 N     0.344100     0.769833     0.837727
2029 N     0.677433     0.103167     0.337727
2030 N     0.677433     0.103167     0.837727
2031 N     0.677433     0.436500     0.337727
2032 N     0.677433     0.436500     0.837727
2033 N     0.677433     0.769833     0.337727
2034 N     0.677433     0.769833     0.837727
2035 N     0.230167     0.240933     0.004393
2036 N     0.230167     0.240933     0.504393
2037 N     0.230167     0.574267     0.004393
2038 N     0.230167     0.574267     0.504393
2039 N     0.230167     0.907600     0.004393
2040 N     0.230167     0.907600     0.504393
2041 N     0.563500     0.240933     0.004393
2042 N     0.563500     0.240933     0.504393
2043 N     0.563500     0.574267     0.004393
2044 N     0.563500     0.574267     0.504393
2045 N     0.563500     0.907600     0.004393
2046 N     0.563500     0.907600     0.504393
2047 N     0.896833     0.240933     0.004393
2048 N     0.896833     0.240933     0.504393
2049 N     0.896833     0.574267     0.004393
2050 N     0.896833     0.574267     0.504393
2051 N     0.896833     0.907600     0.004393
2052 N     0.896833     0.907600     0.504393
2053 N     0.028133     0.311533     0.293425
2054 N     0.028133     0.311533     0.793425
2055 N     0.028133     0.644867     0.293425
2056 N     0.028133     0.644867     0.793425
2057 N     0.028133     0.978200     0.293425
2058 N     0.028133     0.978200     0.793425
2059 N     0.361467     0.311533     0.293425
2060 N     0.361467     0.311533     0.793425
2061 N     0.361467     0.644867     0.293425
2062 N     0.361467     0.644867     0.793425
2063 N     0.361467     0.978200     0.293425
2064 N     0.361467     0.978200     0.793425
2065 N     0.694800     0.311533     0.293425
2066 N     0.694800     0.311533     0.793425
2067 N     0.694800     0.644867     0.293425
2068 N     0.694800     0.644867     0.793425
2069 N     0.694800     0.978200     0.293425
2070 N     0.694800     0.978200     0.793425
2071 N     0.283400     0.305200     0.126758
2072 N     0.283400     0.305200     0.626758
2073 N     0.283400     0.638533     0.126758
2074 N     0.283400     0.638533     0.626758
2075 N     0.283400     0.971867     0.126758
2076 N     0.283400     0.971867     0.626758
2077 N     0.616733     0.305200     0.126758
2078 N     0.616733     0.305200     0.626758
2079 N     0.616733     0.638533     0.126758
2080 N     0.616733     0.638533     0.626758
2081 N     0.616733     0.971867     0.126758
2082 N     0.616733     0.971867     0.626758
2083 N     0.950067     0.305200     0.126758
2084 N     0.950067     0.305200     0.626758
2085 N     0.950067     0.638533     0.126758
2086 N     0.950067     0.638533     0.626758
2087 N     0.950067     0.971867     0.126758
2088 N     0.950067     0.971867     0.626758
2089 N     0.021800     0.049933     0.460092
2090 N     0.021800     0.049933     0.960092
2091 N     0.021800     0.383267     0.460092
2092 N     0.021800     0.383267     0.960092
2093 N     0.021800     0.716600     0.460092
2094 N     0.021800     0.716600     0.960092
2095 N     0.355133     0.049933     0.460092
2096 N     0.355133     0.049933     0.960092
2097 N     0.355133     0.383267     0.460092
2098 N     0.355133     0.383267     0.960092
2099 N     0.355133     0.716600     0.460092
2100 N     0.355133     0.716600     0.960092
2101 N     0.688467     0.049933     0.460092
2102 N     0.688467     0.049933     0.960092
2103 N     0.688467     0.383267     0.460092
2104 N     0.688467     0.383267     0.960092
2105 N     0.688467     0.716600     0.460092
2106 N     0.688467     0.716600     0.960092
2107 N     0.049933     0.021800     0.206575
2108 N     0.049933     0.021800     0.706575
2109 N     0.049933     0.355133     0.206575
2110 N     0.049933     0.355133     0.706575
2111 N     0.049933     0.688467     0.206575
2112 N     0.049933     0.688467     0.706575
2113 N     0.383267     0.021800     0.206575
2114 N     0.383267     0.021800     0.706575
2115 N     0.383267     0.355133     0.206575
2116 N     0.383267     0.355133     0.706575
2117 N     0.383267     0.688467     0.206575
2118 N     0.383267     0.688467     0.706575
2119 N     0.716600     0.021800     0.206575
2120 N     0.716600     0.021800     0.706575
2121 N     0.716600     0.355133     0.206575
2122 N     0.716600     0.355133     0.706575
2123 N     0.716600     0.688467     0.206575
2124 N     0.716600     0.688467     0.706575
2125 N     0.311533     0.028133     0.373242
2126 N     0.311533     0.028133     0.873242
2127 N     0.311533     0.361467     0.373242
2128 N     0.311533     0.361467     0.873242
2129 N     0.311533     0.694800     0.373242
2130 N     0.311533     0.694800     0.873242
2131 N     0.644867     0.028133     0.373242
2132 N     0.644867     0.028133     0.873242
2133 N     0.644867     0.361467     0.373242
2134 N     0.644867     0.361467     0.873242
2135 N     0.644867     0.694800     0.373242
2136 N     0.644867     0.694800     0.873242
2137 N     0.978200     0.028133     0.373242
2138 N     0.978200     0.028133     0.873242
2139 N     0.978200     0.361467     0.373242
2140 N     0.978200     0.361467     0.873242
2141 N     0.978200     0.694800     0.373242
2142 N     0.978200     0.694800     0.873242
2143 N     0.305200     0.283400     0.039908
2144 N     0.305200     0.283400     0.539908
2145 N     0.305200     0.616733     0.039908
2146 N     0.305200     0.616733     0.539908
2147 N     0.305200     0.950067     0.039908
2148 N     0.305200     0.950067     0.539908
2149 N     0.638533     0.283400     0.039908
2150 N     0.638533     0.283400     0.539908
2151 N     0.638533     0.616733     0.039908
2152 N     0.638533     0.616733     0.539908
2153 N     0.638533     0.950067     0.039908
2154 N     0.638533     0.950067     0.539908
2155 N     0.971867     0.283400     0.039908
2156 N     0.971867     0.283400     0.539908
2157 N     0.971867     0.616733     0.039908
2158 N     0.971867     0.616733     0.539908
2159 N     0.971867     0.950067     0.039908
2160 N     0.971867     0.950067     0.539908