12692 2 2 2
4510 1 1 1
5254 2 2 2
2396 1 1 1
12479 1 1 1
13317 2 2 1
590 1 1 1
6464 2 2 1
11491 1 1 2
11126 1 1 1
12411 1 1 1
3620 1 1 1
11303 1 1 1
12425 1 1 1
6001 1 1 1
9225 1 2 2
1546 1 1 1
11351 1 1 1
9893 1 1 1
13040 1 1 1
7190 2 2 1
90 1 1 1
3586 1 1 1
4327 1 1 1
4626 1 1 4
8951 1 1 2
3368 2 2 2
9170 1 1 2
7894 2 2 2
4457 1 1 1
7096 1 1 1
2449 1 1 1
5341 2 2 2
12401 1 1 1
279 3 2 3
462 2 2 2
5435 2 2 2
8167 1 1 1
3780 1 1 1
4219 1 1 1
11659 1 1 2
4673 1 1 4
11182 1 1 2
42 3 3 2
2651 1 1 1
8485 1 1 1
5188 1 1 1
7402 2 2 1
161 1 1 1
12102 1 1 1
6807 1 1 1
11976 1 1 1
7513 1 1 1
5067 1 1 1
5962 2 1 1
6111 2 2 1
5206 2 2 2
2696 1 1 1
2247 1 1 1
11665 1 1 2
11930 1 1 1
10543 1 1 1
13070 1 1 1
2893 1 1 1
1494 1 1 1
6296 2 2 1
3562 1 1 1
7764 1 1 1
3176 2 2 2
8212 1 1 1
7380 1 1 1
10614 1 1 1
3808 1 1 1
4788 1 1 1
10858 1 1 1
10489 1 1 1
8447 1 1 1
10568 1 1 1
1331 1 1 2
4467 1 1 1
1401 1 1 2
4922 2 2 4
12844 1 1 1
13395 2 2 1
5307 1 1 1
6191 2 2 1
11550 1 1 2
11991 1 1 1
4228 1 1 1
8180 1 1 1
2587 2 2 2
8711 1 1 1
6641 1 1 1
1511 1 1 1
7834 2 2 1
1290 1 1 2
4554 1 1 1
10874 1 1 1
8105 1 1 1
9381 1 1 1
12521 1 1 1
8965 1 2 2
974 1 1 3
5761 1 1 1
1320 1 1 2
9143 1 1 2
2505 1 1 1
9850 1 1 1
12962 1 1 1
11255 1 1 1
12244 1 1 1
7927 2 2 2
11286 1 1 1
8942 1 1 2
6682 1 1 1
9894 1 1 1
10498 1 1 1
10597 1 1 1
12309 1 1 1
7473 1 1 1
11172 1 1 1
1056 1 1 2
1136 1 1 2
1823 1 1 1
8765 1 1 1
3200 2 2 2
5410 2 2 2
11643 2 2 2
2090 1 1 1
7978 2 2 2
10828 1 1 1
5807 1 1 1
10399 1 1 1
8423 1 1 1
9863 1 1 1
6922 1 1 1
9664 1 1 1
1211 1 1 2
5623 1 1 1
4654 1 1 3
7723 1 1 1
3220 2 2 2
1204 1 1 2
5681 2 2 1
9076 1 3 2
4945 1 1 1
2310 2 1 1
6603 1 1 1
10297 1 1 1
5160 3 3 3
2466 1 1 1
5355 1 1 1
8620 1 1 1
10306 1 1 1
932 1 1 2
13136 1 1 1
4587 1 1 1
1854 1 1 1
11312 2 2 1
4279 1 1 1
9481 1 1 1
5311 1 1 1
9086 1 2 2
10480 1 1 1
8227 1 1 1
9121 1 1 2
7750 1 1 1
9755 1 1 1
9494 1 1 1
998 1 1 2
6188 2 2 1
4555 1 1 1
1766 1 1 1
13215 1 1 1
10140 1 1 1
6840 1 1 1
2621 1 1 1
10594 1 1 1
2995 1 1 1
5407 1 1 1
6277 1 1 1
2210 2 2 1
498 1 1 1
8946 1 1 2
2067 1 1 1
8786 1 1 1
8745 1 1 1
9491 1 1 1
8068 1 1 1
7546 1 1 1
3719 1 1 1
6920 2 2 2
3173 2 2 2
7468 1 1 1
11406 1 1 1
4167 2 2 2
4646 1 1 2
10532 1 1 1
8439 1 1 1
1218 1 1 2
1666 1 1 1
12135 1 1 1
5080 1 1 1
4302 1 1 1
12860 1 1 1
10869 1 1 1
1639 1 1 1
620 1 1 1
13352 1 1 1
10342 1 1 1
13325 2 2 1
5027 1 1 4
1840 1 1 1
8678 1 1 1
3576 1 1 1
3514 1 1 1
10683 1 1 1
2215 2 2 2
5592 1 1 1
8898 1 1 2
6357 2 2 1
8008 2 2 2
8698 1 1 1
11359 1 1 1
7922 2 2 2
268 2 2 2
12489 1 1 1
383 1 1 1
8121 1 1 1
6555 1 1 1
9434 1 1 1
4231 1 1 1
6382 2 2 1
12223 1 1 1
3285 1 1 1
2649 2 2 2
3397 1 1 1
13306 1 1 1
617 1 1 1
6105 2 2 1
11495 1 1 1
11483 1 1 1
3753 1 1 1
4039 2 2 2
4597 1 1 1
13392 1 1 1
8911 2 1 2
7946 1 1 1
12503 1 1 1
9088 1 2 2
9290 1 3 3
509 1 1 1
5604 1 1 1
1668 1 1 1
9607 1 1 1
3850 1 1 1
13308 2 2 1
4800 1 1 4
895 1 1 2
665 1 1 1
3786 1 1 1
9803 1 1 1
9042 1 1 2
1310 1 1 2
1004 1 1 2
12658 1 1 1
10130 1 1 1
5739 1 1 1
9990 1 1 1
5127 1 2 1
6988 1 1 1
13001 1 1 1
8643 1 1 1
1620 1 1 1
8702 1 1 1
3504 1 1 1
10878 1 1 1
2424 1 1 1
10842 1 1 1
13406 2 2 1
12373 1 1 1
3433 1 1 1
1778 1 1 1
11279 1 1 1
101 2 1 2
11537 1 1 1
4118 3 3 3
11398 2 2 1
5295 2 2 2
11305 1 1 1
10281 1 1 1
7392 2 2 1
5100 1 1 1
12237 1 1 1
6631 1 1 1
10853 1 1 1
12297 1 1 1
4669 1 1 4
4471 1 1 1
5861 1 1 1
4548 1 1 1
10021 1 1 1
1710 1 1 1
13148 1 1 1
4317 1 1 1
5974 1 1 1
4927 1 1 2
5644 1 1 1
5993 1 1 1
9865 1 1 1
7303 2 2 1
9484 1 1 1
1699 1 1 1
7444 2 2 1
2913 2 2 2
3680 1 1 1
6691 1 1 1
1074 1 1 2
9919 1 1 1
4737 1 1 3
3922 1 1 1
8197 1 1 1
5390 2 2 2
154 1 1 1
3818 1 1 1
10674 2 2 2
1386 1 1 2
13050 1 1 1
8243 1 1 1
1589 1 1 1
11300 1 1 1
1642 1 1 1
5831 1 1 1
9665 1 1 1
5250 2 2 2
12522 1 1 1
3232 2 1 2
10650 1 1 1
7627 1 1 1
729 1 1 1
6946 1 1 1
396 2 2 2
941 1 1 2
2586 2 2 2
10992 1 1 3
12468 1 1 1
12880 2 2 2
10296 1 1 1
8203 1 1 1
10649 1 1 1
2605 1 1 1
2852 1 1 1
10719 1 1 1
5798 1 1 1
13297 1 1 1
10097 1 1 1
5713 2 2 1
3833 1 1 1
2263 1 1 1
10056 1 1 1
5196 2 2 2
11828 1 1 2
3857 1 1 1
10122 1 1 1
9802 1 1 1
6645 1 1 1
7343 2 2 1
8681 1 1 1
1077 1 1 2
6730 1 1 1
10187 1 1 1
13191 1 1 1
2515 1 1 1
1337 1 1 2
2366 2 2 2
839 1 1 1
3271 2 2 2
5677 2 2 2
12217 1 1 1
5573 1 1 1
829 1 1 1
3538 1 1 1
6872 2 2 2
1276 1 1 2
8792 1 1 1
6604 1 1 1
3391 2 2 2
11108 1 1 2
2943 1 1 1
1298 1 1 2
13250 1 1 1
7739 1 1 1
8697 1 1 1
4010 1 1 1
8366 1 1 1
13175 1 1 1
7494 2 2 1
11754 1 1 2
1944 1 1 1
6677 1 1 1
311 1 2 2
3131 2 2 2
11191 1 1 1
6559 1 1 1
3060 1 1 2
409 1 1 1
9274 1 1 2
6810 1 1 1
10089 1 1 1
838 1 1 1
9674 1 1 1
10679 1 1 1
5779 1 1 1
13237 1 1 1
8679 1 1 1
5370 1 1 1
4835 1 1 1
2498 1 1 1
8236 1 1 1
8985 1 3 2
4243 1 1 1
8888 1 2 2
794 1 1 1
10952 1 1 1
7154 5 5 3
4923 1 1 3
10848 1 1 1
4489 1 1 1
12689 2 2 2
12851 1 1 1
11478 1 1 1
12613 1 1 1
5264 1 1 1
7767 1 1 1
10305 1 1 1
12366 1 1 1
12165 1 1 1
10196 1 1 1
8297 1 1 1
7783 1 1 1
1039 1 1 1
5955 1 1 1
5340 2 2 2
5220 1 1 1
12344 1 1 1
8041 1 1 1
9763 1 1 1
12059 1 1 1
13474 2 2 1
4080 2 2 2
11348 2 2 2
4965 1 1 2
11708 1 1 2
13265 1 1 1
10725 1 1 1
11997 1 1 1
3505 1 1 1
1657 1 1 1
6315 2 2 1
2796 1 1 1
12272 1 1 1
1539 1 1 1
3509 1 1 1
3993 1 1 1
3613 1 1 1
4143 1 1 1
11555 2 2 2
511 1 2 2
13022 1 1 1
1976 1 1 1
2818 2 2 1
8756 1 1 1
4365 1 1 1
894 1 1 2
694 1 1 1
3487 1 1 1
7278 1 1 1
13235 1 1 1
860 1 1 2
3301 2 2 2
11918 1 1 1
4837 1 1 4
3944 1 1 1
6766 1 1 1
12155 1 1 1
479 2 2 2
12397 1 1 1
13411 2 2 1
11719 1 1 2
3665 1 1 1
8903 1 1 2
12279 1 1 1
8514 1 1 1
8524 1 1 1
10625 1 1 1
10727 1 1 1
11045 1 1 1
5599 1 1 1
2393 1 1 1
12273 1 1 1
5284 1 1 1
12532 1 1 1
6651 1 1 1
8876 1 2 2
10840 1 1 1
9932 1 1 1
3379 1 2 2
4594 1 1 1
6037 1 1 1
4083 2 2 2
5554 1 1 1
1423 1 1 2
8052 1 1 1
3565 1 1 1
3172 2 2 2
4174 2 2 2
4804 1 1 1
1830 1 1 1
306 1 2 2
8401 1 1 1
4289 1 1 1
1896 1 1 1
9898 1 1 1
2554 2 2 1
2153 1 1 1
7184 2 2 1
6643 1 1 1
5792 1 1 1
8757 1 1 1
7248 2 2 2
9643 1 1 1
9366 1 1 1
4679 1 1 2
7128 2 2 1
5033 1 1 3
8515 1 1 1
11128 1 1 1
10199 1 1 1
1296 1 1 2
12131 1 1 1
3159 2 2 2
6550 1 1 1
165 1 1 1
5658 1 1 1
9220 1 1 2
8088 1 1 1
2266 1 1 1
2645 1 1 1
9168 1 3 2
4736 1 1 3
12964 1 1 1
9277 1 1 2
9384 2 2 2
6582 1 1 1
5630 2 2 2
4410 1 1 1
8722 1 1 1
3371 2 2 2
19 2 2 2
1849 1 1 1
12588 2 2 2
1302 1 1 2
11832 2 2 4
880 1 1 2
1986 2 2 2
4546 1 1 1
1949 1 1 1
4139 1 1 1
11229 1 1 1
1701 1 1 1
9230 1 1 2
11726 1 1 1
13433 1 1 1
1277 1 1 2
1892 1 1 1
2116 1 2 2
7545 1 1 1
12312 1 1 1
2612 1 1 1
5712 3 3 1
8890 1 2 3
12141 1 1 1
5605 2 2 2
9692 1 1 1
8672 1 1 1
10735 1 1 1
7803 1 1 1
10851 1 1 1
10744 1 1 2
12078 1 1 1
8908 1 1 2
4438 1 1 1
7769 1 1 1
5650 2 2 2
2876 2 2 2
870 1 1 2
9706 1 1 1
4169 2 1 1
4933 2 2 2
5208 1 2 2
11971 1 1 1
2138 1 1 1
8968 1 1 2
976 1 1 2
2625 1 1 1
6737 1 1 1
11484 1 1 1
12491 1 1 1
11718 1 1 2
2331 1 1 1
2647 1 1 1
3185 1 1 1
2061 1 1 1
8006 1 1 1
12990 1 1 1
10307 1 1 1
2494 1 1 1
58 1 1 2
12033 1 1 1
5296 2 2 2
2602 1 1 1
1559 1 1 1
11297 1 1 1
7920 2 2 2
4057 2 2 2
11964 1 1 1
7729 2 1 1
930 1 1 2
10269 1 1 1
6285 1 1 1
10959 1 1 1
10953 1 1 1
13494 1 1 1
12870 1 1 1
5767 1 1 1
13421 1 1 1
8005 1 1 1
10574 1 1 1
12457 1 1 1
3308 2 2 2
6739 1 1 1
8077 1 1 1
5086 1 1 1
9882 1 1 1
5278 1 1 1
5418 1 1 1
8767 1 1 1
5191 1 1 1
3294 2 2 2
456 1 1 1
3915 1 1 1
6192 1 1 1
1698 1 1 1
3722 1 1 1
948 1 1 2
8856 1 1 2
4318 1 1 1
12113 1 1 1
3061 1 1 2
9116 1 2 2
6124 2 2 1
7643 1 1 1
8777 1 1 1
2425 2 1 1
8572 1 1 1
10592 1 1 1
5803 1 1 1
1284 1 1 2
4778 2 2 2
10491 1 1 1
11034 1 1 1
7470 1 1 1
4402 1 1 1
12471 1 1 1
2816 2 2 2
8972 1 3 2
11638 2 2 2
11598 2 1 2
13183 1 1 1
7678 2 2 2
10439 1 1 1
5782 1 1 1
8558 1 1 1
13508 2 2 1
6769 1 1 1
2347 1 1 1
11852 1 1 2
3812 1 1 1
3815 1 1 1
12267 1 1 1
7465 1 1 1
4165 2 2 2
7964 2 2 2
3242 1 1 1
1762 1 1 1
3423 1 1 1
9350 1 1 1
12555 2 1 1
10896 1 1 1
9513 1 1 1
12398 1 1 1
7688 2 1 1
5950 1 1 1
8492 1 1 1
6924 1 1 1
8337 1 1 1
10212 1 1 1
1343 1 1 2
8281 1 1 1
7492 2 2 1
856 1 1 2
1206 1 1 2
11053 1 1 1
4281 1 1 1
2823 2 2 1
4064 2 2 2
996 1 1 2
2488 1 1 1
9445 1 1 1
2980 1 1 1
8470 1 1 1
11530 1 1 1
5552 1 1 1
601 1 1 1
10250 1 1 1
1644 1 1 1
532 1 1 1
788 1 1 1
4976 1 1 2
8640 1 1 1
6424 2 2 1
10996 1 1 2
4802 1 1 2
2915 1 1 2
7741 2 2 2
6139 2 2 1
3043 1 1 1
4479 2 2 2
13413 1 1 1
413 1 1 1
2885 1 1 1
1813 1 1 1
1010 1 1 2
5159 3 3 3
11262 1 1 1
5380 1 1 1
121 3 1 1
9719 1 1 1
6134 2 2 1
11521 1 1 1
3415 1 1 1
7902 2 2 2
6383 2 2 1
6395 3 3 1
5157 2 2 2
3843 1 1 1
9462 1 1 1
8772 1 1 1
102 2 1 2
1627 1 1 1
6693 1 1 1
9583 1 1 1
3804 1 1 1
11365 1 1 1
12104 1 1 1
1690 1 1 1
1476 1 1 1
6830 2 2 2
7442 2 2 2
7409 1 1 1
12111 1 1 1
4433 1 1 1
10188 1 1 1
3474 1 1 1
9632 1 1 1
11958 1 1 1
5648 2 2 1
12452 1 1 1
12475 1 1 1
8463 1 1 1
5239 1 1 1
9026 1 1 2
3517 1 1 1
2386 1 1 1
12454 1 1 1
7814 1 1 1
6704 1 1 1
688 1 1 1
1686 1 1 1
12186 1 1 1
925 1 1 2
158 1 1 1
9594 1 1 1
11969 1 1 1
10646 1 1 1
10004 1 1 1
12374 1 1 1
1070 1 1 3
1625 1 1 1
3114 2 2 2
6634 1 1 1
2671 1 2 2
10877 1 2 1
6458 2 2 1
4089 2 2 2
5313 1 1 1
9874 1 1 1
2830 2 2 1
4709 1 1 1
11012 1 1 1
2324 1 1 1
11928 1 1 1
4920 1 1 2
10507 1 1 1
8901 1 2 3
2546 1 1 1
6893 1 1 1
4951 1 1 3
5582 2 2 2
11386 1 1 1
8208 1 1 1
2045 1 1 1
6448 2 2 1
11174 1 1 1
11099 1 1 1
6163 2 2 1
2312 1 1 1
8388 1 1 1
3466 1 1 1
12418 1 1 1
12116 1 1 1
6943 1 1 1
7841 1 1 1
9648 1 1 1
4589 1 1 1
3695 1 1 1
3454 1 1 1
9774 1 1 1
344 1 1 1
3726 1 1 1
2862 2 2 1
9578 1 1 1
9611 1 1 1
10981 1 1 1
123 1 1 1
4551 1 1 1
3143 1 1 1
5458 1 1 1
11963 1 1 1
1623 1 1 1
3778 1 1 1
6480 2 2 1
3767 1 1 1
12565 1 1 1
3958 1 1 1
9953 1 1 1
2399 2 2 2
8548 1 1 1
2444 1 1 1
10320 1 1 1
3634 1 1 1
7928 2 2 2
6553 1 1 1
2986 1 1 1
120 2 1 1
11024 1 1 1
11905 1 1 1
5673 2 2 2
4233 1 1 1
6343 1 1 1
1800 1 1 1
5441 2 2 2
6649 1 1 1
12430 1 1 1
6258 2 2 1
11316 1 1 1
10807 1 1 1
4627 1 1 4
3499 1 1 1
1216 1 1 2
2619 1 1 1
9242 1 3 2
4225 1 1 1
11981 1 1 1
10065 1 1 1
4148 1 1 1
1570 1 1 1
8598 1 1 1
2634 2 1 2
1196 1 1 2
3098 1 1 1
233 2 3 2
13323 1 1 1
2020 1 1 1
5197 2 2 2
4292 1 1 1
10847 1 1 1
10051 1 1 1
7300 2 2 1
1947 1 1 2
308 1 2 2
660 2 2 2
9853 1 1 1
2918 1 1 1
2088 1 1 1
3507 1 1 1
12323 1 1 1
776 1 1 1
2207 2 2 2
5817 1 1 1
4124 2 2 2
13216 1 1 1
5556 1 1 1
641 1 1 1
8488 1 1 1
3171 2 2 2
11372 1 1 1
12778 1 1 1
214 2 2 2
12967 1 1 1
12064 1 1 1
8503 1 1 1
3210 2 2 2
11015 2 2 2
12719 1 1 1
3016 1 1 2
11941 1 1 1
2674 2 2 2
3076 1 1 2
5420 1 1 1
4224 1 1 1
2790 1 1 1
10533 1 1 1
4810 2 2 1
9173 1 3 3
8535 1 1 1
1219 1 1 2
7358 2 2 1
6923 1 1 1
4584 1 1 1
3348 2 2 2
1941 1 1 1
8317 1 1 1
1213 1 1 2
11490 1 1 2
9501 1 1 1
8785 1 1 1
1844 1 1 1
6992 1 1 1
12095 1 1 1
8015 1 1 1
8127 1 1 1
12733 2 2 2
9409 1 1 1
12554 1 1 1
4254 1 1 1
7707 1 1 1
832 1 1 1
2367 2 2 2
4011 2 2 2
6942 2 2 2
12912 1 1 1
12383 1 1 1
12929 1 1 1
10153 1 1 1
4765 1 1 4
4313 1 1 1
3543 1 1 1
8110 2 2 2
4232 1 1 1
9686 1 1 1
9869 1 1 1
2326 1 1 1
2643 1 1 1
3925 1 1 1
131 1 1 1
11575 1 1 1
9232 1 1 2
12927 1 1 1
2809 1 1 1
7754 1 1 1
12435 1 1 1
12474 1 1 1
3775 1 1 1
10257 1 1 1
3097 1 1 1
3892 1 1 1
6206 3 3 1
5976 1 1 1
448 1 1 1
3039 1 1 1
3851 1 1 1
10479 1 1 1
11585 1 1 1
329 2 2 2
7243 1 1 1
5764 1 1 1
2914 1 1 2
1440 1 1 2
9322 1 1 2
8264 1 1 1
10558 1 1 1
6045 1 1 1
10274 1 1 1
12470 1 1 1
12441 1 1 1
3697 1 1 1
11499 1 1 1
2859 2 2 2
2611 1 1 1
13184 1 1 1
10626 1 2 1
8054 1 1 1
11296 1 1 1
4261 1 1 1
12627 2 2 2
6776 2 2 2
11758 2 2 2
1166 1 1 2
12718 1 1 1
10128 1 1 1
1384 1 1 2
12268 1 1 1
1333 1 1 2
11956 1 1 1
5109 2 2 2
1306 1 1 2
8035 1 1 1
11204 1 1 1
2229 1 1 1
3394 1 1 1
13361 2 2 1
5240 1 1 1
3691 1 1 1
5638 2 2 2
10251 1 1 1
3080 1 1 1
4032 2 2 2
1610 1 1 1
309 1 2 2
316 1 2 2
3314 1 1 1
4305 1 1 1
4876 2 1 1
5794 1 1 1
6218 2 2 1
6517 2 2 1
3295 2 2 2
8667 1 1 1
1200 1 1 2
9500 1 1 1
426 1 1 2
11839 1 1 2
13212 1 1 1
13114 1 1 1
8567 1 1 1
5383 1 1 1
3682 1 1 1
4564 1 1 1
5276 1 1 1
3447 1 1 1
5958 1 1 1
9271 1 1 2
4879 2 1 1
1697 1 1 1
4405 1 1 1
4764 1 1 3
8605 1 1 1
6836 1 1 1
2644 1 1 1
4119 2 2 2
13003 1 1 1
1142 1 1 1
2569 1 1 1
7971 2 2 2
11716 1 1 2
1689 1 1 1
10800 1 1 1
12837 2 2 2
638 1 1 1
8013 2 2 2
2175 1 1 1
8321 1 1 1
2910 1 1 1
10116 1 1 1
2517 1 1 1
7711 1 1 1
5382 1 1 1
10784 1 1 1
7076 2 2 1
11674 1 1 1
6476 2 2 1
11951 1 1 1
9264 1 1 2
5941 2 2 1
13470 2 2 1
1007 1 1 2
12980 1 1 1
11579 1 1 1
6154 2 2 1
5640 2 2 2
2575 2 2 2
7068 2 2 1
6342 1 1 1
11888 1 1 1
2745 1 1 1
5894 1 1 1
13462 2 1 1
4513 1 1 1
55 1 1 1
8868 2 2 3
11378 1 1 1
10546 1 1 1
10268 1 1 1
4043 2 2 2
3821 1 1 1
12174 1 1 1
10608 1 1 1
2716 2 2 2
3012 1 1 2
3344 2 2 2
946 1 1 1
11400 2 2 2
8251 1 1 1
8071 1 1 1
11418 1 1 1
10015 1 1 1
2402 2 2 2
11878 1 2 3
2390 1 1 1
780 1 1 1
5360 1 1 1
4611 1 1 1
11684 2 2 2
10137 1 1 1
10975 1 1 2
1877 1 1 1
10711 1 1 1
2216 2 2 2
10887 1 1 1
6750 1 1 1
12672 1 1 1
5716 2 2 1
8970 1 3 3
5952 2 2 1
726 1 1 1
3548 2 2 2
4712 1 1 3
6366 2 2 1
9199 1 1 2
8221 1 1 1
13410 1 1 1
12101 1 1 1
4839 1 1 1
5721 3 3 1
5862 1 1 1
11746 1 1 2
4883 2 1 1
8150 1 1 1
7882 2 2 2
9543 1 1 1
5685 2 2 1
4911 2 2 2
9475 1 1 1
2254 2 2 2
10099 1 1 1
9950 1 1 1
3842 1 1 1
757 1 1 1
2990 1 1 1
7382 1 1 1
6546 1 1 1
12957 1 1 1
12112 1 1 1
3663 1 1 1
1807 1 1 1
13300 1 1 1
9637 1 1 1
1935 1 1 1
9070 1 1 2
7352 2 2 1
3668 1 1 1
9446 1 1 1
10217 1 1 1
10886 1 1 1
5689 2 2 1
4177 2 2 2
13472 2 2 1
10425 1 1 1
9584 1 1 1
11662 2 2 3
8378 1 1 1
11948 1 1 1
7464 2 2 1
2687 1 1 1
7569 1 1 1
4785 1 1 1
4640 1 1 3
3067 1 1 2
12655 1 1 1
2349 1 1 1
12519 1 1 1
1939 1 1 1
9326 1 1 2
10000 1 1 1
7919 2 2 2
10486 1 1 1
3635 1 1 1
3533 1 1 1
2235 1 1 1
5652 2 1 1
11768 1 1 1
10144 1 1 1
3022 1 1 1
8649 1 1 1
10686 1 1 1
2167 1 2 1
7906 1 1 1
6707 1 1 1
10081 1 1 1
11914 1 1 1
2632 1 2 2
6400 2 2 1
3349 2 2 2
2196 1 1 1
5439 2 2 2
4914 1 1 3
679 1 1 1
8441 1 1 1
12295 1 1 1
3206 2 2 2
979 1 1 2
10517 1 1 1
4996 1 1 2
6610 1 1 1
360 1 1 1
13330 1 1 1
12668 1 1 1
6587 1 1 1
11757 1 1 2
6782 1 1 1
6973 1 1 1
1270 1 1 2
12504 1 1 1
8852 1 1 2
13471 2 2 1
5548 1 1 1
6738 1 1 1
8642 1 1 1
3793 1 1 1
10044 1 1 1
11001 1 1 1
9973 1 1 1
9679 1 1 1
10999 1 1 2
12989 2 2 2
6172 2 2 1
11046 1 1 1
6332 2 2 1
6410 2 2 1
2743 2 2 2
12820 1 1 1
11424 1 1 1
12928 1 1 1
811 1 1 1
5444 2 2 2
12615 1 1 1
3683 1 1 1
265 2 1 2
6398 3 3 1
7864 1 1 1
10734 1 1 1
6261 2 2 1
8634 1 1 1
676 1 1 1
8003 1 1 1
1715 1 1 1
5211 1 1 1
12261 1 1 1
12905 1 1 1
13346 1 1 1
6404 2 2 1
878 1 1 2
5858 1 1 1
3078 1 1 1
12413 1 1 1
7381 1 1 1
8181 1 1 1
12179 1 1 1
4671 2 2 2
4805 1 1 1
8735 1 1 1
7960 1 1 1
4768 1 1 4
7399 2 2 1
3694 1 1 1
3126 2 2 2
11022 1 1 1
5625 2 2 2
11949 1 1 1
12688 2 2 2
4161 2 2 2
7625 1 1 1
8215 1 1 1
3844 1 1 1
6470 2 2 1
3096 1 1 1
10695 1 1 1
3418 1 1 1
6979 2 1 1
10862 1 1 1
10850 1 1 1
9795 1 1 1
9553 1 1 1
11381 1 1 1
1938 1 1 1
5330 1 1 1
7573 1 1 1
8778 1 1 1
12453 1 1 1
10503 1 1 1
12674 1 1 1
1454 1 1 2
11616 1 1 2
12240 1 1 1
12561 1 1 1
6063 2 2 1
3832 1 1 1
4330 1 1 1
9666 1 1 1
11054 1 1 1
6929 1 1 1
10826 1 1 1
11257 1 1 1
6044 1 1 1
405 1 1 1
3077 1 1 1
9361 1 1 1
29 2 2 2
11184 1 1 1
10548 1 1 1
12235 1 1 1
1557 1 1 1
8666 1 1 1
7136 2 2 1
4972 1 1 2
9988 1 1 1
11224 1 1 1
10950 1 1 1
8753 1 1 1
2907 2 1 2
4902 1 1 1
2176 1 1 1
2151 1 1 1
12368 1 1 1
837 1 1 1
12209 1 1 1
4276 1 1 1
12118 1 1 1
4436 1 1 1
9004 1 1 2
10713 1 1 1
3676 1 1 2
12656 1 1 1
11901 1 1 1
12318 1 1 1
52 1 1 1
10924 1 1 1
1991 1 1 1
3465 1 1 1
11704 1 1 2
1082 1 1 2
1471 1 1 1
5869 1 1 1
2479 1 1 1
2589 2 2 2
11808 1 1 2
85 1 1 1
9654 1 1 1
11451 1 1 1
11145 1 1 2
12965 1 1 1
3705 1 1 1
4401 1 1 1
7315 2 2 1
5799 1 1 1
2133 1 2 1
3839 1 1 1
6829 2 2 2
6789 1 1 1
1490 1 1 1
207 2 2 2
1685 1 1 1
12903 1 1 1
9876 1 1 1
6522 2 2 1
11625 2 2 2
5850 1 1 1
12067 1 1 1
9537 1 1 1
912 1 1 2
7634 2 2 2
10263 1 1 1
7094 1 1 1
9509 1 1 1
748 1 1 1
94 1 1 1
11431 1 1 1
2422 1 1 1
12822 1 1 1
8522 1 1 1
13151 1 1 1
13165 1 1 2
9733 1 1 1
12914 1 1 1
9517 1 1 1
10090 1 1 1
1614 1 1 1
6356 2 2 1
8045 1 1 1
12485 1 1 1
9279 1 2 3
8142 1 1 1
4431 1 1 1
5034 1 1 3
12768 1 1 1
7476 1 1 1
5245 2 2 2
2101 1 1 1
4445 1 1 1
3789 1 1 1
4441 1 1 1
6143 2 2 1
7346 2 2 2
5046 1 1 1
10356 1 1 1
4360 1 1 1
10466 1 1 1
11199 1 1 1
2171 2 2 2
10174 1 1 1
1197 1 1 2
10789 1 1 1
10773 1 1 1
6773 1 1 1
3478 1 1 1
347 1 1 1
1221 1 1 2
950 1 1 2
11689 1 2 2
1318 1 1 2
1283 1 1 2
11513 1 1 1
8182 1 1 1
2857 1 1 1
10424 1 1 1
7703 1 1 1
3029 1 1 1
184 1 2 1
1222 1 1 2
9675 1 1 1
3203 2 2 2
12216 1 1 1
8671 1 1 1
6472 2 2 1
11465 1 1 1
9955 1 1 1
4732 1 1 1
389 1 1 1
4938 1 1 4
6896 1 1 1
13174 1 1 1
8521 1 1 1
3689 1 1 1
8032 1 1 1
6434 3 4 1
6828 2 2 2
3904 1 1 1
2835 1 1 1
2462 1 1 1
11202 1 1 1
6662 1 1 1
7192 1 1 1
3434 1 1 1
2418 1 1 1
850 1 1 1
12123 1 1 1
7210 2 2 1
550 1 1 1
10782 1 1 1
11694 1 1 2
10329 1 1 1
2726 2 1 2
3225 2 2 2
673 1 1 1
13190 1 1 1
11141 1 1 1
1756 1 1 1
10428 1 1 1
6401 2 2 1
11970 1 1 1
8422 1 1 1
10124 1 1 1
9698 1 1 1
5842 1 1 1
1518 1 1 1
4342 1 1 1
10391 1 1 1
7064 2 2 2
3289 1 1 1
9316 1 2 3
10447 1 1 1
3488 1 1 1
9150 1 2 2
6568 1 1 1
7833 2 2 1
1428 1 1 2
7421 1 1 1
11524 1 1 1
451 1 1 1
9935 1 1 1
6826 2 2 2
7135 2 2 1
8010 2 2 2
835 1 1 1
6853 1 1 1
6681 1 1 1
10595 1 1 1
8734 1 1 1
5051 2 2 1
1745 1 1 1
4213 1 1 1
6684 1 1 1
7874 2 2 2
4134 2 2 2
6110 3 3 1
3005 1 1 2
9655 1 1 1
8769 1 1 1
12394 1 1 1
13242 1 1 1
2018 1 1 1
10474 1 1 1
1664 1 1 1
4798 1 1 3
7719 1 1 1
4147 1 1 1
12797 2 2 2
4694 1 1 2
13208 1 1 1
8109 1 1 1
1241 1 1 2
4482 1 1 1
12456 1 1 1
3669 1 1 1
6752 1 1 1
769 1 1 1
2529 1 1 1
51 1 1 2
6816 1 1 1
5138 1 1 1
9910 1 1 1
3739 1 1 1
2501 1 1 1
9382 1 1 1
2186 1 1 1
1281 1 1 2
8171 1 1 1
10332 1 1 1
4621 1 1 1
4214 1 1 1
1186 1 1 2
6334 1 1 1
13112 1 1 1
4698 1 1 4
82 1 1 1
12205 1 1 1
7657 1 1 1
10550 1 1 1
13469 2 2 1
5338 2 2 2
11838 1 1 3
12543 1 1 1
11087 1 1 1
6170 2 2 1
5147 1 2 4
5225 1 1 1
5347 3 3 3
1180 1 1 2
4760 1 1 3
11811 1 1 2
3472 1 1 1
9296 1 2 3
7080 1 1 1
5265 1 1 1
11810 1 1 2
2270 1 1 1
6469 2 2 1
1506 1 1 1
3997 1 1 1
13146 1 1 1
3727 1 1 1
4622 1 1 1
11532 1 1 1
6177 2 2 1
10616 1 1 1
11515 1 1 1
11722 1 1 2
1651 1 1 1
2530 1 1 1
4678 1 1 3
10454 1 1 1
1271 1 1 2
3037 1 1 1
7603 1 1 1
3933 1 1 1
12694 2 2 2
5158 2 2 2
7822 1 1 1
8286 2 2 2
11088 1 1 1
3878 1 1 1
4496 1 1 1
4416 1 1 1
9520 1 1 1
12246 1 1 1
12722 1 1 1
6554 1 1 1
9492 1 1 1
6220 2 2 1
1658 1 1 1
5320 1 1 1
1286 1 1 2
2048 2 2 2
11057 1 1 1
12009 1 1 1
3570 2 2 2
4721 1 1 4
7537 2 2 2
3040 1 1 1
6339 1 1 1
6817 1 1 1
2581 1 1 1
10571 1 1 1
3013 1 1 2
5070 1 1 1
12542 1 1 1
10706 1 1 1
10837 1 1 1
13162 1 1 1
735 1 1 1
4962 1 1 4
11414 1 1 1
7992 1 1 1
6847 1 1 1
5699 2 2 1
2976 1 1 1
11027 1 1 1
9709 1 1 1
3369 2 2 2
9792 1 1 1
9078 1 3 2
3559 2 2 2
1833 1 1 1
3273 1 1 1
4881 1 1 2
4040 2 2 2
10155 1 1 1
12942 1 1 1
712 1 1 1
2417 1 1 1
310 1 2 2
7917 2 2 2
11564 1 1 1
3552 1 1 1
12284 1 1 1
2026 2 2 2
3325 1 1 1
4762 2 1 1
12065 1 1 1
4193 1 1 1
11470 1 1 2
8578 1 1 1
10555 1 1 1
6072 2 2 1
572 1 1 1
1964 1 1 1
7742 1 1 1
2357 2 2 2
11096 1 1 1
2952 1 1 1
1797 1 1 1
10993 1 1 3
8116 1 1 1
11840 1 1 2
6239 2 2 1
10488 1 1 1
2382 1 1 1
12230 1 1 1
10410 1 1 1
5917 2 2 1
8853 1 2 2
8801 1 1 1
10648 1 1 1
9880 1 1 1
3853 1 1 1
12120 1 1 1
6094 1 1 1
8668 1 1 1
4769 1 1 4
1058 1 1 2
6911 1 1 1
11147 1 1 1
2678 2 2 2
2764 2 1 2
2534 1 1 1
5947 1 1 1
6784 1 1 1
10473 1 1 1
8661 1 1 1
10926 1 1 1
12502 1 1 1
8628 1 1 1
8947 1 1 2
2354 2 1 1
13369 1 1 1
11887 1 1 1
9840 1 1 1
9536 1 1 1
48 1 1 2
7535 2 2 1
3129 2 2 2
7986 1 1 1
12326 1 1 1
5272 1 1 1
11421 1 1 1
10709 1 1 1
5173 2 3 3
9572 1 1 1
3148 2 2 2
303 2 2 2
4560 1 1 1
1889 1 1 1
12338 1 1 1
12985 1 1 1
3122 2 2 2
1631 1 1 1
4975 1 1 1
4131 2 2 2
1894 1 1 1
4796 1 1 1
1146 1 1 2
1340 1 1 2
8532 1 1 1
3118 2 2 2
6013 2 2 1
11460 1 1 1
7811 1 1 1
9299 1 2 3
12651 1 1 1
3017 1 1 1
9077 1 3 2
13100 1 1 1
11393 1 1 1
11315 2 2 2
9891 1 1 1
1611 1 1 1
4437 2 2 2
4314 1 1 1
3790 1 1 1
12527 1 1 1
3399 1 1 1
12365 1 1 1
4925 1 1 4
13150 1 1 1
3542 1 1 1
12494 1 1 1
750 1 1 1
12629 1 1 1
8708 1 1 1
11943 1 1 1
11146 1 1 1
7846 1 1 1
8252 1 1 1
7610 1 1 1
3591 1 1 1
3360 2 2 2
12370 1 1 1
4987 1 1 3
10528 1 1 1
9105 1 3 3
11822 1 1 1
3584 1 1 1
12973 2 1 2
10475 1 1 1
1671 1 1 1
8588 1 1 1
11041 1 1 1
3163 2 2 2
3664 1 1 1
7883 2 2 2
12695 2 1 2
8790 1 1 1
7393 2 2 1
11325 1 1 1
6050 1 1 1
3324 1 1 1
6665 1 1 1
6775 1 1 1
13145 1 1 1
13303 1 1 1
1550 1 1 1
4563 1 1 1
4828 2 1 1
4704 2 1 4
4859 2 1 1
3409 1 1 1
1005 1 1 2
11917 1 1 1
3654 1 1 1
7330 1 1 1
8192 1 1 1
13241 1 1 1
12270 1 1 1
2731 1 1 1
5137 1 1 1
13443 1 1 1
7203 2 2 2
7646 1 1 1
6609 1 1 1
2203 1 1 1
447 1 1 1
7426 1 1 1
3898 1 1 1
13226 1 1 1
2676 2 2 2
13263 1 1 1
8454 1 1 1
4990 1 1 3
6593 1 1 1
2206 1 1 1
7496 2 2 2
5934 1 1 1
12670 1 1 1
545 1 1 1
9479 1 1 1
12608 1 1 1
13279 1 1 1
1561 1 1 1
3765 1 1 1
3974 2 2 2
1232 1 1 2
1264 1 1 3
7013 1 1 1
9619 1 1 1
3257 2 2 2
9620 1 1 1
244 3 1 2
11767 1 1 2
11885 1 1 1
7164 2 2 1
12071 1 1 1
8882 1 1 2
3693 1 1 1
12889 1 1 1
7548 1 1 1
12361 1 1 1
13429 1 1 1
4301 1 1 1
8725 1 1 1
3788 1 1 1
4458 1 1 1
10396 1 1 1
12076 1 1 1
11319 1 1 1
11077 1 1 1
7967 2 2 2
6214 2 2 1
12960 1 1 1
10421 1 1 1
6841 1 1 1
2346 1 1 1
3787 1 1 1
11344 1 1 1
3458 1 1 1
7918 2 2 2
7176 3 3 2
12094 1 1 1
2089 1 1 1
11798 1 1 2
7827 2 2 2
867 1 1 2
5285 1 1 1
6483 3 3 1
3381 2 2 1
6908 1 1 1
11013 1 1 1
2669 1 2 2
3066 1 1 2
4247 1 1 1
6621 1 1 1
13332 1 1 1
9819 1 1 1
2429 1 1 1
3045 1 1 1
12030 1 1 1
236 2 2 2
3457 1 1 1
8235 1 1 1
8554 1 1 1
12031 1 1 1
6389 3 3 1
2240 1 1 1
1488 1 1 1
9474 1 1 1
10182 1 1 1
10596 1 1 1
6223 2 2 1
10234 1 1 1
11618 1 1 2
2400 2 2 2
11038 1 1 1
9430 1 1 1
3252 2 2 2
417 2 2 1
11067 1 1 1
2168 1 1 1
4162 2 2 2
346 1 1 1
5714 2 2 1
12109 1 1 1
13453 1 1 1
11133 1 1 1
3090 1 1 2
5790 1 1 1
3283 1 1 1
12124 1 1 1
1759 1 1 1
3930 1 1 1
6062 3 3 1
2500 1 1 1
401 1 1 1
11710 2 2 3
7843 1 1 1
1099 1 1 2
5396 2 2 2
13283 1 1 1
3527 1 1 1
11603 2 2 3
6706 1 1 1
62 1 1 1
2226 1 1 1
3688 1 1 1
3408 1 1 1
8699 1 1 1
11823 1 1 1
194 3 2 2
7716 1 1 1
6403 4 4 2
2865 2 2 2
9645 1 1 1
9847 1 1 1
9106 1 1 2
2541 1 1 1
5020 1 1 1
779 1 1 1
1798 1 1 1
11615 1 1 2
10369 1 1 1
10338 1 1 1
648 1 1 1
13092 1 1 1
8275 1 1 1
7482 1 1 1
7227 2 2 1
12242 1 1 1
6078 2 2 1
4888 2 1 1
10661 1 1 1
1464 1 1 1
11570 1 1 2
7550 1 1 1
9046 2 1 2
869 1 1 2
11800 1 1 2
11309 1 1 1
5450 2 2 2
530 1 1 1
11669 1 1 2
3935 1 1 1
3241 1 1 1
6235 1 1 1
3986 1 1 1
9249 1 2 3
12819 2 2 2
12940 1 1 1
5262 1 1 1
8996 1 1 2
4579 1 1 1
1285 1 1 2